Number of Label Classes:  17
Image size:  (21025, 200)
Reduced Image size:  (21025, 24)
Label size:  (21025,)
Background Pixels:  (10776,)

 Class distribution: => 
+-------+----+------+-----+-----+-----+-----+----+-----+----+-----+------+-----+-----+------+-----+----+
|     0 |  1 |    2 |   3 |   4 |   5 |   6 |  7 |   8 |  9 |  10 |   11 |  12 |  13 |   14 |  15 | 16 |
+-------+----+------+-----+-----+-----+-----+----+-----+----+-----+------+-----+-----+------+-----+----+
| 10776 | 46 | 1428 | 830 | 237 | 483 | 730 | 28 | 478 | 20 | 972 | 2455 | 593 | 205 | 1265 | 386 | 93 |
+-------+----+------+-----+-----+-----+-----+----+-----+----+-----+------+-----+-----+------+-----+----+
+----+-----+-----+-----+-----+-----+----+-----+----+-----+------+-----+-----+-----+-----+----+
|  1 |   2 |   3 |   4 |   5 |   6 |  7 |   8 |  9 |  10 |   11 |  12 |  13 |  14 |  15 | 16 |
+----+-----+-----+-----+-----+-----+----+-----+----+-----+------+-----+-----+-----+-----+----+
| 30 | 989 | 575 | 156 | 322 | 527 | 21 | 352 | 16 | 709 | 1731 | 402 | 134 | 874 | 274 | 64 |
+----+-----+-----+-----+-----+-----+----+-----+----+-----+------+-----+-----+-----+-----+----+
+----+-----+-----+----+-----+-----+---+-----+---+-----+-----+-----+----+-----+-----+----+
|  1 |   2 |   3 |  4 |   5 |   6 | 7 |   8 | 9 |  10 |  11 |  12 | 13 |  14 |  15 | 16 |
+----+-----+-----+----+-----+-----+---+-----+---+-----+-----+-----+----+-----+-----+----+
| 16 | 439 | 255 | 81 | 161 | 203 | 7 | 126 | 4 | 263 | 724 | 191 | 71 | 391 | 112 | 29 |
+----+-----+-----+----+-----+-----+---+-----+---+-----+-----+-----+----+-----+-----+----+
Train vector size:  (7176, 200)
Test vector size:  (3073, 200)
Reduced Train vector size:  (7176, 24)
Reduced Test vector size:  (3073, 24)
Label train vector size:  (7176,)
Label test vector size:  (3073,)
-------------------------------------------------------------

 --- 0.9272916316986084 seconds --- 

Training set shape:  (7176, 24)
Testing set shape:  (3073, 24)
Report for Classifier: 

Training set score for SVM: 0.927397
Testing  set score for SVM: 0.921575
Train Kappa score for SVM: 0.916632
Test Kappa score for SVM: 0.910200


[[  0   0   0   0  16   0   0   0   0   0   0   0   0   0   0   0]
 [  0 439   0   0   0   0   0   0   0   0   0   0   0   0   0   0]
 [  0   0 255   0   0   0   0   0   0   0   0   0   0   0   0   0]
 [  0   0   0   0   0   0   0   0   0  81   0   0   0   0   0   0]
 [  0   2   0   0 159   0   0   0   0   0   0   0   0   0   0   0]
 [  0   0   0   0   0 203   0   0   0   0   0   0   0   0   0   0]
 [  0   0   0   0   0   7   0   0   0   0   0   0   0   0   0   0]
 [  0   0   0   0   0   0   0 126   0   0   0   0   0   0   0   0]
 [  0   0   0   0   0   0   0   0   0   4   0   0   0   0   0   0]
 [  0   0   0   0   0   0   0   0   0 263   0   0   0   0   0   0]
 [  0   0   0   0   0   0   0   0   0   0 724   0   0   0   0   0]
 [  0   0   0   0   0   0   0   0   0   0   0 191   0   0   0   0]
 [  0   0   0   0   0   0   0   0   0  71   0   0   0   0   0   0]
 [  0   0   0   0   0   0   0   0   0   0   0   0   0 391   0   0]
 [  0   0   1   0   0   0   0   1   0   0   0   0   0  29  81   0]
 [  0   0   0   0   0  21   0   0   0   8   0   0   0   0   0   0]]


              precision    recall  f1-score   support

           1       0.00      0.00      0.00        16
           2       1.00      1.00      1.00       439
           3       1.00      1.00      1.00       255
           4       0.00      0.00      0.00        81
           5       0.91      0.99      0.95       161
           6       0.88      1.00      0.94       203
           7       0.00      0.00      0.00         7
           8       0.99      1.00      1.00       126
           9       0.00      0.00      0.00         4
          10       0.62      1.00      0.76       263
          11       1.00      1.00      1.00       724
          12       1.00      1.00      1.00       191
          13       0.00      0.00      0.00        71
          14       0.93      1.00      0.96       391
          15       1.00      0.72      0.84       112
          16       0.00      0.00      0.00        29

    accuracy                           0.92      3073
   macro avg       0.58      0.61      0.59      3073
weighted avg       0.88      0.92      0.89      3073

-------------------------------------------------------------
Number of Label Classes:  17
Image size:  (21025, 200)
Reduced Image size:  (21025, 25)
Label size:  (21025,)
Background Pixels:  (10776,)

 Class distribution: => 
+-------+----+------+-----+-----+-----+-----+----+-----+----+-----+------+-----+-----+------+-----+----+
|     0 |  1 |    2 |   3 |   4 |   5 |   6 |  7 |   8 |  9 |  10 |   11 |  12 |  13 |   14 |  15 | 16 |
+-------+----+------+-----+-----+-----+-----+----+-----+----+-----+------+-----+-----+------+-----+----+
| 10776 | 46 | 1428 | 830 | 237 | 483 | 730 | 28 | 478 | 20 | 972 | 2455 | 593 | 205 | 1265 | 386 | 93 |
+-------+----+------+-----+-----+-----+-----+----+-----+----+-----+------+-----+-----+------+-----+----+
+----+-----+-----+-----+-----+-----+----+-----+----+-----+------+-----+-----+-----+-----+----+
|  1 |   2 |   3 |   4 |   5 |   6 |  7 |   8 |  9 |  10 |   11 |  12 |  13 |  14 |  15 | 16 |
+----+-----+-----+-----+-----+-----+----+-----+----+-----+------+-----+-----+-----+-----+----+
| 30 | 989 | 575 | 156 | 322 | 527 | 21 | 352 | 16 | 709 | 1731 | 402 | 134 | 874 | 274 | 64 |
+----+-----+-----+-----+-----+-----+----+-----+----+-----+------+-----+-----+-----+-----+----+
+----+-----+-----+----+-----+-----+---+-----+---+-----+-----+-----+----+-----+-----+----+
|  1 |   2 |   3 |  4 |   5 |   6 | 7 |   8 | 9 |  10 |  11 |  12 | 13 |  14 |  15 | 16 |
+----+-----+-----+----+-----+-----+---+-----+---+-----+-----+-----+----+-----+-----+----+
| 16 | 439 | 255 | 81 | 161 | 203 | 7 | 126 | 4 | 263 | 724 | 191 | 71 | 391 | 112 | 29 |
+----+-----+-----+----+-----+-----+---+-----+---+-----+-----+-----+----+-----+-----+----+
Train vector size:  (7176, 200)
Test vector size:  (3073, 200)
Reduced Train vector size:  (7176, 25)
Reduced Test vector size:  (3073, 25)
Label train vector size:  (7176,)
Label test vector size:  (3073,)
-------------------------------------------------------------

 --- 1.081599235534668 seconds --- 

Training set shape:  (7176, 25)
Testing set shape:  (3073, 25)
Report for Classifier: 

Training set score for SVM: 0.800028
Testing  set score for SVM: 0.794012
Train Kappa score for SVM: 0.767044
Test Kappa score for SVM: 0.760019


[[  0   0   0   0   0   0   0   0   0   0   0   0   0  16   0   0]
 [  0 439   0   0   0   0   0   0   0   0   0   0   0   0   0   0]
 [  0   0 255   0   0   0   0   0   0   0   0   0   0   0   0   0]
 [  0   0   0   0   0   0   0   0   0   0  81   0   0   0   0   0]
 [  0   0   0   0   0   0   0   0   0   0   0   0   0 161   0   0]
 [  0   0   0   0   0  51   0   0   0   0   0   0   0 152   0   0]
 [  0   0   0   0   0   0   0   0   0   0   0   0   0   7   0   0]
 [  0   0   0   0   0   0   0 126   0   0   0   0   0   0   0   0]
 [  0   0   0   0   0   0   0   0   0   0   0   0   0   4   0   0]
 [  0   0   0   0   0   0   0   0   0 263   0   0   0   0   0   0]
 [  0   0   0   0   0   0   0   0   0   0 724   0   0   0   0   0]
 [  0   0   0   0   0   0   0   0   0   0   0 191   0   0   0   0]
 [  0   0   0   0   0   0   0   0   0   0   0   0   0  71   0   0]
 [  0   0   0   0   0   0   0   0   0   0   0   0   0 391   0   0]
 [  0   0   0   0   0   0   0   1   0   0   0   0   0 111   0   0]
 [  0   0   0   0   0   0   0   0   0  28   1   0   0   0   0   0]]


              precision    recall  f1-score   support

           1       0.00      0.00      0.00        16
           2       1.00      1.00      1.00       439
           3       1.00      1.00      1.00       255
           4       0.00      0.00      0.00        81
           5       0.00      0.00      0.00       161
           6       1.00      0.25      0.40       203
           7       0.00      0.00      0.00         7
           8       0.99      1.00      1.00       126
           9       0.00      0.00      0.00         4
          10       0.90      1.00      0.95       263
          11       0.90      1.00      0.95       724
          12       1.00      1.00      1.00       191
          13       0.00      0.00      0.00        71
          14       0.43      1.00      0.60       391
          15       0.00      0.00      0.00       112
          16       0.00      0.00      0.00        29

    accuracy                           0.79      3073
   macro avg       0.45      0.45      0.43      3073
weighted avg       0.74      0.79      0.74      3073

-------------------------------------------------------------
Number of Label Classes:  17
Image size:  (21025, 200)
Reduced Image size:  (21025, 26)
Label size:  (21025,)
Background Pixels:  (10776,)

 Class distribution: => 
+-------+----+------+-----+-----+-----+-----+----+-----+----+-----+------+-----+-----+------+-----+----+
|     0 |  1 |    2 |   3 |   4 |   5 |   6 |  7 |   8 |  9 |  10 |   11 |  12 |  13 |   14 |  15 | 16 |
+-------+----+------+-----+-----+-----+-----+----+-----+----+-----+------+-----+-----+------+-----+----+
| 10776 | 46 | 1428 | 830 | 237 | 483 | 730 | 28 | 478 | 20 | 972 | 2455 | 593 | 205 | 1265 | 386 | 93 |
+-------+----+------+-----+-----+-----+-----+----+-----+----+-----+------+-----+-----+------+-----+----+
+----+-----+-----+-----+-----+-----+----+-----+----+-----+------+-----+-----+-----+-----+----+
|  1 |   2 |   3 |   4 |   5 |   6 |  7 |   8 |  9 |  10 |   11 |  12 |  13 |  14 |  15 | 16 |
+----+-----+-----+-----+-----+-----+----+-----+----+-----+------+-----+-----+-----+-----+----+
| 30 | 989 | 575 | 156 | 322 | 527 | 21 | 352 | 16 | 709 | 1731 | 402 | 134 | 874 | 274 | 64 |
+----+-----+-----+-----+-----+-----+----+-----+----+-----+------+-----+-----+-----+-----+----+
+----+-----+-----+----+-----+-----+---+-----+---+-----+-----+-----+----+-----+-----+----+
|  1 |   2 |   3 |  4 |   5 |   6 | 7 |   8 | 9 |  10 |  11 |  12 | 13 |  14 |  15 | 16 |
+----+-----+-----+----+-----+-----+---+-----+---+-----+-----+-----+----+-----+-----+----+
| 16 | 439 | 255 | 81 | 161 | 203 | 7 | 126 | 4 | 263 | 724 | 191 | 71 | 391 | 112 | 29 |
+----+-----+-----+----+-----+-----+---+-----+---+-----+-----+-----+----+-----+-----+----+
Train vector size:  (7176, 200)
Test vector size:  (3073, 200)
Reduced Train vector size:  (7176, 26)
Reduced Test vector size:  (3073, 26)
Label train vector size:  (7176,)
Label test vector size:  (3073,)
-------------------------------------------------------------

 --- 1.0752208232879639 seconds --- 

Training set shape:  (7176, 26)
Testing set shape:  (3073, 26)
Report for Classifier: 

Training set score for SVM: 0.888935
Testing  set score for SVM: 0.888383
Train Kappa score for SVM: 0.872301
Test Kappa score for SVM: 0.872092


[[  0   0   0   0   0   0   0   0   0  16   0   0   0   0   0   0]
 [  0 439   0   0   0   0   0   0   0   0   0   0   0   0   0   0]
 [  0   0 255   0   0   0   0   0   0   0   0   0   0   0   0   0]
 [  0   0   0   0   0   0   0   0   0  81   0   0   0   0   0   0]
 [  0   0   0   0 153   0   0   0   0   8   0   0   0   0   0   0]
 [  0   0   0   0   0 203   0   0   0   0   0   0   0   0   0   0]
 [  0   0   0   0   0   0   0   0   0   7   0   0   0   0   0   0]
 [  0   0   0   0   0   0   0   0   0 126   0   0   0   0   0   0]
 [  0   0   0   0   0   4   0   0   0   0   0   0   0   0   0   0]
 [  0   0   0   0   0   0   0   0   0 263   0   0   0   0   0   0]
 [  0   0   0   0   0   0   0   0   0   0 724   0   0   0   0   0]
 [  0   0   0   0   0   0   0   0   0   0   0 191   0   0   0   0]
 [  0   0   0   0   0  71   0   0   0   0   0   0   0   0   0   0]
 [  0   0   0   0   0   0   0   0   0   0   0   0   0 391   0   0]
 [  0   0   0   0   0   0   0   0   0   1   0   0   0   0 111   0]
 [  0   0   0   0   0  29   0   0   0   0   0   0   0   0   0   0]]


              precision    recall  f1-score   support

           1       0.00      0.00      0.00        16
           2       1.00      1.00      1.00       439
           3       1.00      1.00      1.00       255
           4       0.00      0.00      0.00        81
           5       1.00      0.95      0.97       161
           6       0.66      1.00      0.80       203
           7       0.00      0.00      0.00         7
           8       0.00      0.00      0.00       126
           9       0.00      0.00      0.00         4
          10       0.52      1.00      0.69       263
          11       1.00      1.00      1.00       724
          12       1.00      1.00      1.00       191
          13       0.00      0.00      0.00        71
          14       1.00      1.00      1.00       391
          15       1.00      0.99      1.00       112
          16       0.00      0.00      0.00        29

    accuracy                           0.89      3073
   macro avg       0.51      0.56      0.53      3073
weighted avg       0.83      0.89      0.85      3073

-------------------------------------------------------------
Number of Label Classes:  17
Image size:  (21025, 200)
Reduced Image size:  (21025, 27)
Label size:  (21025,)
Background Pixels:  (10776,)

 Class distribution: => 
+-------+----+------+-----+-----+-----+-----+----+-----+----+-----+------+-----+-----+------+-----+----+
|     0 |  1 |    2 |   3 |   4 |   5 |   6 |  7 |   8 |  9 |  10 |   11 |  12 |  13 |   14 |  15 | 16 |
+-------+----+------+-----+-----+-----+-----+----+-----+----+-----+------+-----+-----+------+-----+----+
| 10776 | 46 | 1428 | 830 | 237 | 483 | 730 | 28 | 478 | 20 | 972 | 2455 | 593 | 205 | 1265 | 386 | 93 |
+-------+----+------+-----+-----+-----+-----+----+-----+----+-----+------+-----+-----+------+-----+----+
+----+-----+-----+-----+-----+-----+----+-----+----+-----+------+-----+-----+-----+-----+----+
|  1 |   2 |   3 |   4 |   5 |   6 |  7 |   8 |  9 |  10 |   11 |  12 |  13 |  14 |  15 | 16 |
+----+-----+-----+-----+-----+-----+----+-----+----+-----+------+-----+-----+-----+-----+----+
| 30 | 989 | 575 | 156 | 322 | 527 | 21 | 352 | 16 | 709 | 1731 | 402 | 134 | 874 | 274 | 64 |
+----+-----+-----+-----+-----+-----+----+-----+----+-----+------+-----+-----+-----+-----+----+
+----+-----+-----+----+-----+-----+---+-----+---+-----+-----+-----+----+-----+-----+----+
|  1 |   2 |   3 |  4 |   5 |   6 | 7 |   8 | 9 |  10 |  11 |  12 | 13 |  14 |  15 | 16 |
+----+-----+-----+----+-----+-----+---+-----+---+-----+-----+-----+----+-----+-----+----+
| 16 | 439 | 255 | 81 | 161 | 203 | 7 | 126 | 4 | 263 | 724 | 191 | 71 | 391 | 112 | 29 |
+----+-----+-----+----+-----+-----+---+-----+---+-----+-----+-----+----+-----+-----+----+
Train vector size:  (7176, 200)
Test vector size:  (3073, 200)
Reduced Train vector size:  (7176, 27)
Reduced Test vector size:  (3073, 27)
Label train vector size:  (7176,)
Label test vector size:  (3073,)
-------------------------------------------------------------

 --- 0.6887924671173096 seconds --- 

Training set shape:  (7176, 27)
Testing set shape:  (3073, 27)
Report for Classifier: 

Training set score for SVM: 0.961678
Testing  set score for SVM: 0.956069
Train Kappa score for SVM: 0.956165
Test Kappa score for SVM: 0.949873


[[  0   0   0  16   0   0   0   0   0   0   0   0   0   0   0   0]
 [  0 439   0   0   0   0   0   0   0   0   0   0   0   0   0   0]
 [  0   0 255   0   0   0   0   0   0   0   0   0   0   0   0   0]
 [  0   0   0  81   0   0   0   0   0   0   0   0   0   0   0   0]
 [  0   0   0   0 161   0   0   0   0   0   0   0   0   0   0   0]
 [  0   0   0   0   0 197   0   6   0   0   0   0   0   0   0   0]
 [  0   7   0   0   0   0   0   0   0   0   0   0   0   0   0   0]
 [  0   0   0   0   0   0   0 126   0   0   0   0   0   0   0   0]
 [  0   0   0   0   0   4   0   0   0   0   0   0   0   0   0   0]
 [  0   0   0   0   0   0   0   0   0 263   0   0   0   0   0   0]
 [  0   0   0   0   0   0   0   0   0   0 724   0   0   0   0   0]
 [  0   0   0   0   0   0   0   0   0   0   0 191   0   0   0   0]
 [  0   0   0   0   0  66   0   5   0   0   0   0   0   0   0   0]
 [  0   0   0   0   0   0   0   0   0   1   0   0   0 390   0   0]
 [  0   0   1   0   0   0   0   0   0   0   0   0   0   0 111   0]
 [  0   0   0   0   0  29   0   0   0   0   0   0   0   0   0   0]]


              precision    recall  f1-score   support

           1       0.00      0.00      0.00        16
           2       0.98      1.00      0.99       439
           3       1.00      1.00      1.00       255
           4       0.84      1.00      0.91        81
           5       1.00      1.00      1.00       161
           6       0.67      0.97      0.79       203
           7       0.00      0.00      0.00         7
           8       0.92      1.00      0.96       126
           9       0.00      0.00      0.00         4
          10       1.00      1.00      1.00       263
          11       1.00      1.00      1.00       724
          12       1.00      1.00      1.00       191
          13       0.00      0.00      0.00        71
          14       1.00      1.00      1.00       391
          15       1.00      0.99      1.00       112
          16       0.00      0.00      0.00        29

    accuracy                           0.96      3073
   macro avg       0.65      0.68      0.67      3073
weighted avg       0.93      0.96      0.94      3073

-------------------------------------------------------------
Number of Label Classes:  17
Image size:  (21025, 200)
Reduced Image size:  (21025, 28)
Label size:  (21025,)
Background Pixels:  (10776,)

 Class distribution: => 
+-------+----+------+-----+-----+-----+-----+----+-----+----+-----+------+-----+-----+------+-----+----+
|     0 |  1 |    2 |   3 |   4 |   5 |   6 |  7 |   8 |  9 |  10 |   11 |  12 |  13 |   14 |  15 | 16 |
+-------+----+------+-----+-----+-----+-----+----+-----+----+-----+------+-----+-----+------+-----+----+
| 10776 | 46 | 1428 | 830 | 237 | 483 | 730 | 28 | 478 | 20 | 972 | 2455 | 593 | 205 | 1265 | 386 | 93 |
+-------+----+------+-----+-----+-----+-----+----+-----+----+-----+------+-----+-----+------+-----+----+
+----+-----+-----+-----+-----+-----+----+-----+----+-----+------+-----+-----+-----+-----+----+
|  1 |   2 |   3 |   4 |   5 |   6 |  7 |   8 |  9 |  10 |   11 |  12 |  13 |  14 |  15 | 16 |
+----+-----+-----+-----+-----+-----+----+-----+----+-----+------+-----+-----+-----+-----+----+
| 30 | 989 | 575 | 156 | 322 | 527 | 21 | 352 | 16 | 709 | 1731 | 402 | 134 | 874 | 274 | 64 |
+----+-----+-----+-----+-----+-----+----+-----+----+-----+------+-----+-----+-----+-----+----+
+----+-----+-----+----+-----+-----+---+-----+---+-----+-----+-----+----+-----+-----+----+
|  1 |   2 |   3 |  4 |   5 |   6 | 7 |   8 | 9 |  10 |  11 |  12 | 13 |  14 |  15 | 16 |
+----+-----+-----+----+-----+-----+---+-----+---+-----+-----+-----+----+-----+-----+----+
| 16 | 439 | 255 | 81 | 161 | 203 | 7 | 126 | 4 | 263 | 724 | 191 | 71 | 391 | 112 | 29 |
+----+-----+-----+----+-----+-----+---+-----+---+-----+-----+-----+----+-----+-----+----+
Train vector size:  (7176, 200)
Test vector size:  (3073, 200)
Reduced Train vector size:  (7176, 28)
Reduced Test vector size:  (3073, 28)
Label train vector size:  (7176,)
Label test vector size:  (3073,)
-------------------------------------------------------------

 --- 1.0250310897827148 seconds --- 

Training set shape:  (7176, 28)
Testing set shape:  (3073, 28)
Report for Classifier: 

Training set score for SVM: 0.942726
Testing  set score for SVM: 0.935242
Train Kappa score for SVM: 0.934270
Test Kappa score for SVM: 0.925804


[[  0  16   0   0   0   0   0   0   0   0   0   0   0   0   0   0]
 [  0 439   0   0   0   0   0   0   0   0   0   0   0   0   0   0]
 [  0   0 255   0   0   0   0   0   0   0   0   0   0   0   0   0]
 [  0   0   0  12   0  69   0   0   0   0   0   0   0   0   0   0]
 [  0   2   0   0 159   0   0   0   0   0   0   0   0   0   0   0]
 [  0   0   0   0   0 203   0   0   0   0   0   0   0   0   0   0]
 [  0   0   0   0   0   7   0   0   0   0   0   0   0   0   0   0]
 [  0   0   0   0   0   0   0 126   0   0   0   0   0   0   0   0]
 [  0   0   0   0   0   0   0   0   0   0   0   0   0   4   0   0]
 [  0   0   0   0   0   0   0   0   0 263   0   0   0   0   0   0]
 [  0   0   0   0   0   0   0   0   0   0 724   0   0   0   0   0]
 [  0   0   0   0   0   0   0   0   0   0   0 191   0   0   0   0]
 [  0   0   0   0   0   0   0   0   0   0   0   0   0  71   0   0]
 [  0   0   0   0   0   0   0   0   0   0   0   0   0 391   0   0]
 [  0   0   0   0   0   0   0   0   0   0   1   0   0   0 111   0]
 [  0   0   0   0   0   0   0   0   0   0   0   0   0  29   0   0]]


              precision    recall  f1-score   support

           1       0.00      0.00      0.00        16
           2       0.96      1.00      0.98       439
           3       1.00      1.00      1.00       255
           4       1.00      0.15      0.26        81
           5       1.00      0.99      0.99       161
           6       0.73      1.00      0.84       203
           7       0.00      0.00      0.00         7
           8       1.00      1.00      1.00       126
           9       0.00      0.00      0.00         4
          10       1.00      1.00      1.00       263
          11       1.00      1.00      1.00       724
          12       1.00      1.00      1.00       191
          13       0.00      0.00      0.00        71
          14       0.79      1.00      0.88       391
          15       1.00      0.99      1.00       112
          16       0.00      0.00      0.00        29

    accuracy                           0.94      3073
   macro avg       0.65      0.63      0.62      3073
weighted avg       0.91      0.94      0.91      3073

-------------------------------------------------------------
Number of Label Classes:  17
Image size:  (21025, 200)
Reduced Image size:  (21025, 29)
Label size:  (21025,)
Background Pixels:  (10776,)

 Class distribution: => 
+-------+----+------+-----+-----+-----+-----+----+-----+----+-----+------+-----+-----+------+-----+----+
|     0 |  1 |    2 |   3 |   4 |   5 |   6 |  7 |   8 |  9 |  10 |   11 |  12 |  13 |   14 |  15 | 16 |
+-------+----+------+-----+-----+-----+-----+----+-----+----+-----+------+-----+-----+------+-----+----+
| 10776 | 46 | 1428 | 830 | 237 | 483 | 730 | 28 | 478 | 20 | 972 | 2455 | 593 | 205 | 1265 | 386 | 93 |
+-------+----+------+-----+-----+-----+-----+----+-----+----+-----+------+-----+-----+------+-----+----+
+----+-----+-----+-----+-----+-----+----+-----+----+-----+------+-----+-----+-----+-----+----+
|  1 |   2 |   3 |   4 |   5 |   6 |  7 |   8 |  9 |  10 |   11 |  12 |  13 |  14 |  15 | 16 |
+----+-----+-----+-----+-----+-----+----+-----+----+-----+------+-----+-----+-----+-----+----+
| 30 | 989 | 575 | 156 | 322 | 527 | 21 | 352 | 16 | 709 | 1731 | 402 | 134 | 874 | 274 | 64 |
+----+-----+-----+-----+-----+-----+----+-----+----+-----+------+-----+-----+-----+-----+----+
+----+-----+-----+----+-----+-----+---+-----+---+-----+-----+-----+----+-----+-----+----+
|  1 |   2 |   3 |  4 |   5 |   6 | 7 |   8 | 9 |  10 |  11 |  12 | 13 |  14 |  15 | 16 |
+----+-----+-----+----+-----+-----+---+-----+---+-----+-----+-----+----+-----+-----+----+
| 16 | 439 | 255 | 81 | 161 | 203 | 7 | 126 | 4 | 263 | 724 | 191 | 71 | 391 | 112 | 29 |
+----+-----+-----+----+-----+-----+---+-----+---+-----+-----+-----+----+-----+-----+----+
Train vector size:  (7176, 200)
Test vector size:  (3073, 200)
Reduced Train vector size:  (7176, 29)
Reduced Test vector size:  (3073, 29)
Label train vector size:  (7176,)
Label test vector size:  (3073,)
-------------------------------------------------------------

 --- 0.9310016632080078 seconds --- 

Training set shape:  (7176, 29)
Testing set shape:  (3073, 29)
Report for Classifier: 

Training set score for SVM: 0.875975
Testing  set score for SVM: 0.875366
Train Kappa score for SVM: 0.856699
Test Kappa score for SVM: 0.856239


[[  0  16   0   0   0   0   0   0   0   0   0   0   0   0   0   0]
 [  0 439   0   0   0   0   0   0   0   0   0   0   0   0   0   0]
 [  0   0 255   0   0   0   0   0   0   0   0   0   0   0   0   0]
 [  0  81   0   0   0   0   0   0   0   0   0   0   0   0   0   0]
 [  0   0   0   0 161   0   0   0   0   0   0   0   0   0   0   0]
 [  0   0   0   0   0 203   0   0   0   0   0   0   0   0   0   0]
 [  0   0   0   0   0   7   0   0   0   0   0   0   0   0   0   0]
 [  0 126   0   0   0   0   0   0   0   0   0   0   0   0   0   0]
 [  0   0   0   0   0   4   0   0   0   0   0   0   0   0   0   0]
 [  0   0   0   0   0   0   0   0   0 263   0   0   0   0   0   0]
 [  0   0   0   0   0   0   0   0   0   0 724   0   0   0   0   0]
 [  0   0   0   0   0   0   0   0   0   0   0 191   0   0   0   0]
 [  0   0   0   0   0  71   0   0   0   0   0   0   0   0   0   0]
 [  0   0   0   0   0   0   0   0   0   0   0   0   0 391   0   0]
 [  0   0   0   0   0   0   0   0   0   0   1   0   0  48  63   0]
 [  0   0   0   0   0   0   0   0   0  26   0   0   0   2   1   0]]


              precision    recall  f1-score   support

           1       0.00      0.00      0.00        16
           2       0.66      1.00      0.80       439
           3       1.00      1.00      1.00       255
           4       0.00      0.00      0.00        81
           5       1.00      1.00      1.00       161
           6       0.71      1.00      0.83       203
           7       0.00      0.00      0.00         7
           8       0.00      0.00      0.00       126
           9       0.00      0.00      0.00         4
          10       0.91      1.00      0.95       263
          11       1.00      1.00      1.00       724
          12       1.00      1.00      1.00       191
          13       0.00      0.00      0.00        71
          14       0.89      1.00      0.94       391
          15       0.98      0.56      0.72       112
          16       0.00      0.00      0.00        29

    accuracy                           0.88      3073
   macro avg       0.51      0.54      0.51      3073
weighted avg       0.80      0.88      0.83      3073

-------------------------------------------------------------
Number of Label Classes:  17
Image size:  (21025, 200)
Reduced Image size:  (21025, 30)
Label size:  (21025,)
Background Pixels:  (10776,)

 Class distribution: => 
+-------+----+------+-----+-----+-----+-----+----+-----+----+-----+------+-----+-----+------+-----+----+
|     0 |  1 |    2 |   3 |   4 |   5 |   6 |  7 |   8 |  9 |  10 |   11 |  12 |  13 |   14 |  15 | 16 |
+-------+----+------+-----+-----+-----+-----+----+-----+----+-----+------+-----+-----+------+-----+----+
| 10776 | 46 | 1428 | 830 | 237 | 483 | 730 | 28 | 478 | 20 | 972 | 2455 | 593 | 205 | 1265 | 386 | 93 |
+-------+----+------+-----+-----+-----+-----+----+-----+----+-----+------+-----+-----+------+-----+----+
+----+-----+-----+-----+-----+-----+----+-----+----+-----+------+-----+-----+-----+-----+----+
|  1 |   2 |   3 |   4 |   5 |   6 |  7 |   8 |  9 |  10 |   11 |  12 |  13 |  14 |  15 | 16 |
+----+-----+-----+-----+-----+-----+----+-----+----+-----+------+-----+-----+-----+-----+----+
| 30 | 989 | 575 | 156 | 322 | 527 | 21 | 352 | 16 | 709 | 1731 | 402 | 134 | 874 | 274 | 64 |
+----+-----+-----+-----+-----+-----+----+-----+----+-----+------+-----+-----+-----+-----+----+
+----+-----+-----+----+-----+-----+---+-----+---+-----+-----+-----+----+-----+-----+----+
|  1 |   2 |   3 |  4 |   5 |   6 | 7 |   8 | 9 |  10 |  11 |  12 | 13 |  14 |  15 | 16 |
+----+-----+-----+----+-----+-----+---+-----+---+-----+-----+-----+----+-----+-----+----+
| 16 | 439 | 255 | 81 | 161 | 203 | 7 | 126 | 4 | 263 | 724 | 191 | 71 | 391 | 112 | 29 |
+----+-----+-----+----+-----+-----+---+-----+---+-----+-----+-----+----+-----+-----+----+
Train vector size:  (7176, 200)
Test vector size:  (3073, 200)
Reduced Train vector size:  (7176, 30)
Reduced Test vector size:  (3073, 30)
Label train vector size:  (7176,)
Label test vector size:  (3073,)
-------------------------------------------------------------

 --- 0.7567424774169922 seconds --- 

Training set shape:  (7176, 30)
Testing set shape:  (3073, 30)
Report for Classifier: 

Training set score for SVM: 0.942586
Testing  set score for SVM: 0.944354
Train Kappa score for SVM: 0.934217
Test Kappa score for SVM: 0.936379


[[  0   0   0  16   0   0   0   0   0   0   0   0   0   0   0   0]
 [  0 439   0   0   0   0   0   0   0   0   0   0   0   0   0   0]
 [  0   0 255   0   0   0   0   0   0   0   0   0   0   0   0   0]
 [  0   0   0  81   0   0   0   0   0   0   0   0   0   0   0   0]
 [  0   0   0   0 161   0   0   0   0   0   0   0   0   0   0   0]
 [  0   0   0   0   0 200   0   3   0   0   0   0   0   0   0   0]
 [  0   0   0   0   0   0   0   0   0   7   0   0   0   0   0   0]
 [  0   0   0   0   0   0   0 126   0   0   0   0   0   0   0   0]
 [  0   0   0   0   0   0   0   0   0   0   0   0   4   0   0   0]
 [  0   0   0   0   0   0   0   0   0 263   0   0   0   0   0   0]
 [  0   0   0   0   0   0   0   0   0   0 724   0   0   0   0   0]
 [  0   0   0   0   0   0   0   0   0   0   0 191   0   0   0   0]
 [  0   0   0   0   0   0   0   0   0   0   0   0  71   0   0   0]
 [  0   0   0   0   0   0   0   0   0   0   0   0   0 391   0   0]
 [  0   0   0   0   0   0   0   0   0  13   1   0   0  98   0   0]
 [  0   0   0   0   0   7   0   0   0   0   0   0  22   0   0   0]]


              precision    recall  f1-score   support

           1       0.00      0.00      0.00        16
           2       1.00      1.00      1.00       439
           3       1.00      1.00      1.00       255
           4       0.84      1.00      0.91        81
           5       1.00      1.00      1.00       161
           6       0.97      0.99      0.98       203
           7       0.00      0.00      0.00         7
           8       0.98      1.00      0.99       126
           9       0.00      0.00      0.00         4
          10       0.93      1.00      0.96       263
          11       1.00      1.00      1.00       724
          12       1.00      1.00      1.00       191
          13       0.73      1.00      0.85        71
          14       0.80      1.00      0.89       391
          15       0.00      0.00      0.00       112
          16       0.00      0.00      0.00        29

    accuracy                           0.94      3073
   macro avg       0.64      0.69      0.66      3073
weighted avg       0.90      0.94      0.92      3073

-------------------------------------------------------------
Number of Label Classes:  17
Image size:  (21025, 200)
Reduced Image size:  (21025, 31)
Label size:  (21025,)
Background Pixels:  (10776,)

 Class distribution: => 
+-------+----+------+-----+-----+-----+-----+----+-----+----+-----+------+-----+-----+------+-----+----+
|     0 |  1 |    2 |   3 |   4 |   5 |   6 |  7 |   8 |  9 |  10 |   11 |  12 |  13 |   14 |  15 | 16 |
+-------+----+------+-----+-----+-----+-----+----+-----+----+-----+------+-----+-----+------+-----+----+
| 10776 | 46 | 1428 | 830 | 237 | 483 | 730 | 28 | 478 | 20 | 972 | 2455 | 593 | 205 | 1265 | 386 | 93 |
+-------+----+------+-----+-----+-----+-----+----+-----+----+-----+------+-----+-----+------+-----+----+
+----+-----+-----+-----+-----+-----+----+-----+----+-----+------+-----+-----+-----+-----+----+
|  1 |   2 |   3 |   4 |   5 |   6 |  7 |   8 |  9 |  10 |   11 |  12 |  13 |  14 |  15 | 16 |
+----+-----+-----+-----+-----+-----+----+-----+----+-----+------+-----+-----+-----+-----+----+
| 30 | 989 | 575 | 156 | 322 | 527 | 21 | 352 | 16 | 709 | 1731 | 402 | 134 | 874 | 274 | 64 |
+----+-----+-----+-----+-----+-----+----+-----+----+-----+------+-----+-----+-----+-----+----+
+----+-----+-----+----+-----+-----+---+-----+---+-----+-----+-----+----+-----+-----+----+
|  1 |   2 |   3 |  4 |   5 |   6 | 7 |   8 | 9 |  10 |  11 |  12 | 13 |  14 |  15 | 16 |
+----+-----+-----+----+-----+-----+---+-----+---+-----+-----+-----+----+-----+-----+----+
| 16 | 439 | 255 | 81 | 161 | 203 | 7 | 126 | 4 | 263 | 724 | 191 | 71 | 391 | 112 | 29 |
+----+-----+-----+----+-----+-----+---+-----+---+-----+-----+-----+----+-----+-----+----+
Train vector size:  (7176, 200)
Test vector size:  (3073, 200)
Reduced Train vector size:  (7176, 31)
Reduced Test vector size:  (3073, 31)
Label train vector size:  (7176,)
Label test vector size:  (3073,)
-------------------------------------------------------------

 --- 0.9382529258728027 seconds --- 

Training set shape:  (7176, 31)
Testing set shape:  (3073, 31)
Report for Classifier: 

Training set score for SVM: 0.847408
Testing  set score for SVM: 0.838920
Train Kappa score for SVM: 0.824115
Test Kappa score for SVM: 0.814882


[[  0  16   0   0   0   0   0   0   0   0   0   0   0   0   0   0]
 [  0 439   0   0   0   0   0   0   0   0   0   0   0   0   0   0]
 [  0   0 255   0   0   0   0   0   0   0   0   0   0   0   0   0]
 [  0   0   0   0   0  45   0   0   0  36   0   0   0   0   0   0]
 [  0   0   0   0   0 161   0   0   0   0   0   0   0   0   0   0]
 [  0   0   0   0   0 203   0   0   0   0   0   0   0   0   0   0]
 [  0   0   0   0   0   7   0   0   0   0   0   0   0   0   0   0]
 [  0   0   0   0   0   0   0   0   0 126   0   0   0   0   0   0]
 [  0   0   0   0   0   4   0   0   0   0   0   0   0   0   0   0]
 [  0   0   0   0   0   0   0   0   0 263   0   0   0   0   0   0]
 [  0   0   0   0   0   0   0   0   0   0 724   0   0   0   0   0]
 [  0   0   0   0   0   0   0   0   0   0   0 191   0   0   0   0]
 [  0   0   0   0   0   0   0   0   0   6   0   0   0  65   0   0]
 [  0   0   0   0   0   0   0   0   0   0   0   0   0 391   0   0]
 [  0   0   0   0   0   0   0   0   0   0   0   0   0   0 112   0]
 [  0   0   0   0   0   0   0   0   0   0   0   0   0  29   0   0]]


              precision    recall  f1-score   support

           1       0.00      0.00      0.00        16
           2       0.96      1.00      0.98       439
           3       1.00      1.00      1.00       255
           4       0.00      0.00      0.00        81
           5       0.00      0.00      0.00       161
           6       0.48      1.00      0.65       203
           7       0.00      0.00      0.00         7
           8       0.00      0.00      0.00       126
           9       0.00      0.00      0.00         4
          10       0.61      1.00      0.76       263
          11       1.00      1.00      1.00       724
          12       1.00      1.00      1.00       191
          13       0.00      0.00      0.00        71
          14       0.81      1.00      0.89       391
          15       1.00      1.00      1.00       112
          16       0.00      0.00      0.00        29

    accuracy                           0.84      3073
   macro avg       0.43      0.50      0.46      3073
weighted avg       0.74      0.84      0.78      3073

-------------------------------------------------------------
Number of Label Classes:  17
Image size:  (21025, 200)
Reduced Image size:  (21025, 32)
Label size:  (21025,)
Background Pixels:  (10776,)

 Class distribution: => 
+-------+----+------+-----+-----+-----+-----+----+-----+----+-----+------+-----+-----+------+-----+----+
|     0 |  1 |    2 |   3 |   4 |   5 |   6 |  7 |   8 |  9 |  10 |   11 |  12 |  13 |   14 |  15 | 16 |
+-------+----+------+-----+-----+-----+-----+----+-----+----+-----+------+-----+-----+------+-----+----+
| 10776 | 46 | 1428 | 830 | 237 | 483 | 730 | 28 | 478 | 20 | 972 | 2455 | 593 | 205 | 1265 | 386 | 93 |
+-------+----+------+-----+-----+-----+-----+----+-----+----+-----+------+-----+-----+------+-----+----+
+----+-----+-----+-----+-----+-----+----+-----+----+-----+------+-----+-----+-----+-----+----+
|  1 |   2 |   3 |   4 |   5 |   6 |  7 |   8 |  9 |  10 |   11 |  12 |  13 |  14 |  15 | 16 |
+----+-----+-----+-----+-----+-----+----+-----+----+-----+------+-----+-----+-----+-----+----+
| 30 | 989 | 575 | 156 | 322 | 527 | 21 | 352 | 16 | 709 | 1731 | 402 | 134 | 874 | 274 | 64 |
+----+-----+-----+-----+-----+-----+----+-----+----+-----+------+-----+-----+-----+-----+----+
+----+-----+-----+----+-----+-----+---+-----+---+-----+-----+-----+----+-----+-----+----+
|  1 |   2 |   3 |  4 |   5 |   6 | 7 |   8 | 9 |  10 |  11 |  12 | 13 |  14 |  15 | 16 |
+----+-----+-----+----+-----+-----+---+-----+---+-----+-----+-----+----+-----+-----+----+
| 16 | 439 | 255 | 81 | 161 | 203 | 7 | 126 | 4 | 263 | 724 | 191 | 71 | 391 | 112 | 29 |
+----+-----+-----+----+-----+-----+---+-----+---+-----+-----+-----+----+-----+-----+----+
Train vector size:  (7176, 200)
Test vector size:  (3073, 200)
Reduced Train vector size:  (7176, 32)
Reduced Test vector size:  (3073, 32)
Label train vector size:  (7176,)
Label test vector size:  (3073,)
-------------------------------------------------------------

 --- 1.2469689846038818 seconds --- 

Training set shape:  (7176, 32)
Testing set shape:  (3073, 32)
Report for Classifier: 

Training set score for SVM: 0.947742
Testing  set score for SVM: 0.946957
Train Kappa score for SVM: 0.940058
Test Kappa score for SVM: 0.939313


[[  0  16   0   0   0   0   0   0   0   0   0   0   0   0   0   0]
 [  0 439   0   0   0   0   0   0   0   0   0   0   0   0   0   0]
 [  0   0 255   0   0   0   0   0   0   0   0   0   0   0   0   0]
 [  0   0   0   0   0   0   0   0   0  81   0   0   0   0   0   0]
 [  0   0   7   0 154   0   0   0   0   0   0   0   0   0   0   0]
 [  0   0   0   0   0 203   0   0   0   0   0   0   0   0   0   0]
 [  0   0   7   0   0   0   0   0   0   0   0   0   0   0   0   0]
 [  0   0   0   0   0   0   0 126   0   0   0   0   0   0   0   0]
 [  0   0   0   0   0   0   0   0   0   0   0   0   0   4   0   0]
 [  0   0   0   0   0   0   0   0   0 263   0   0   0   0   0   0]
 [  0   0   0   0   0   0   0   0   0   0 724   0   0   0   0   0]
 [  0   0   0   0   0   0   0   0   0   0   0 191   0   0   0   0]
 [  0   0   0   0   0   0   0   0   0   0   0   0  71   0   0   0]
 [  0   0   0   0   0   0   0   0   0   0   0   0   1 390   0   0]
 [  0   0   0   0   0   0   0   0   0   0   1   0   0  19  92   0]
 [  0   0   0   0   0   0   0   0   0   0   0   0   0  27   0   2]]


              precision    recall  f1-score   support

           1       0.00      0.00      0.00        16
           2       0.96      1.00      0.98       439
           3       0.95      1.00      0.97       255
           4       0.00      0.00      0.00        81
           5       1.00      0.96      0.98       161
           6       1.00      1.00      1.00       203
           7       0.00      0.00      0.00         7
           8       1.00      1.00      1.00       126
           9       0.00      0.00      0.00         4
          10       0.76      1.00      0.87       263
          11       1.00      1.00      1.00       724
          12       1.00      1.00      1.00       191
          13       0.99      1.00      0.99        71
          14       0.89      1.00      0.94       391
          15       1.00      0.82      0.90       112
          16       1.00      0.07      0.13        29

    accuracy                           0.95      3073
   macro avg       0.72      0.68      0.67      3073
weighted avg       0.92      0.95      0.93      3073

-------------------------------------------------------------
Number of Label Classes:  17
Image size:  (21025, 200)
Reduced Image size:  (21025, 33)
Label size:  (21025,)
Background Pixels:  (10776,)

 Class distribution: => 
+-------+----+------+-----+-----+-----+-----+----+-----+----+-----+------+-----+-----+------+-----+----+
|     0 |  1 |    2 |   3 |   4 |   5 |   6 |  7 |   8 |  9 |  10 |   11 |  12 |  13 |   14 |  15 | 16 |
+-------+----+------+-----+-----+-----+-----+----+-----+----+-----+------+-----+-----+------+-----+----+
| 10776 | 46 | 1428 | 830 | 237 | 483 | 730 | 28 | 478 | 20 | 972 | 2455 | 593 | 205 | 1265 | 386 | 93 |
+-------+----+------+-----+-----+-----+-----+----+-----+----+-----+------+-----+-----+------+-----+----+
+----+-----+-----+-----+-----+-----+----+-----+----+-----+------+-----+-----+-----+-----+----+
|  1 |   2 |   3 |   4 |   5 |   6 |  7 |   8 |  9 |  10 |   11 |  12 |  13 |  14 |  15 | 16 |
+----+-----+-----+-----+-----+-----+----+-----+----+-----+------+-----+-----+-----+-----+----+
| 30 | 989 | 575 | 156 | 322 | 527 | 21 | 352 | 16 | 709 | 1731 | 402 | 134 | 874 | 274 | 64 |
+----+-----+-----+-----+-----+-----+----+-----+----+-----+------+-----+-----+-----+-----+----+
+----+-----+-----+----+-----+-----+---+-----+---+-----+-----+-----+----+-----+-----+----+
|  1 |   2 |   3 |  4 |   5 |   6 | 7 |   8 | 9 |  10 |  11 |  12 | 13 |  14 |  15 | 16 |
+----+-----+-----+----+-----+-----+---+-----+---+-----+-----+-----+----+-----+-----+----+
| 16 | 439 | 255 | 81 | 161 | 203 | 7 | 126 | 4 | 263 | 724 | 191 | 71 | 391 | 112 | 29 |
+----+-----+-----+----+-----+-----+---+-----+---+-----+-----+-----+----+-----+-----+----+
Train vector size:  (7176, 200)
Test vector size:  (3073, 200)
Reduced Train vector size:  (7176, 33)
Reduced Test vector size:  (3073, 33)
Label train vector size:  (7176,)
Label test vector size:  (3073,)
-------------------------------------------------------------

 --- 0.8935918807983398 seconds --- 

Training set shape:  (7176, 33)
Testing set shape:  (3073, 33)
Report for Classifier: 

Training set score for SVM: 0.962375
Testing  set score for SVM: 0.958021
Train Kappa score for SVM: 0.956923
Test Kappa score for SVM: 0.952006


[[  0   0   0   1   0   0   0   0   0   0  15   0   0   0   0   0]
 [  0 439   0   0   0   0   0   0   0   0   0   0   0   0   0   0]
 [  0   0 255   0   0   0   0   0   0   0   0   0   0   0   0   0]
 [  0   0   0  81   0   0   0   0   0   0   0   0   0   0   0   0]
 [  0   0   0   1 160   0   0   0   0   0   0   0   0   0   0   0]
 [  0   0   0   0   0 203   0   0   0   0   0   0   0   0   0   0]
 [  0   7   0   0   0   0   0   0   0   0   0   0   0   0   0   0]
 [  0   0   0   0   0   0   0 126   0   0   0   0   0   0   0   0]
 [  0   0   0   0   0   0   0   0   0   0   0   0   0   4   0   0]
 [  0   0   0   0   0   0   0   0   0 263   0   0   0   0   0   0]
 [  0   0   0   0   0   0   0   0   0   0 724   0   0   0   0   0]
 [  0   0   0   0   0   0   0   0   0   0   0 191   0   0   0   0]
 [  0   0   0   0   0  67   0   4   0   0   0   0   0   0   0   0]
 [  0   0   0   0   0   0   0   0   0   0   0   0   0 391   0   0]
 [  0   0   0   0   0   0   0   0   0   0   0   1   0   0 111   0]
 [  0   0   0   0   0   0   0   0   0   0   0   0   0  29   0   0]]


              precision    recall  f1-score   support

           1       0.00      0.00      0.00        16
           2       0.98      1.00      0.99       439
           3       1.00      1.00      1.00       255
           4       0.98      1.00      0.99        81
           5       1.00      0.99      1.00       161
           6       0.75      1.00      0.86       203
           7       0.00      0.00      0.00         7
           8       0.97      1.00      0.98       126
           9       0.00      0.00      0.00         4
          10       1.00      1.00      1.00       263
          11       0.98      1.00      0.99       724
          12       0.99      1.00      1.00       191
          13       0.00      0.00      0.00        71
          14       0.92      1.00      0.96       391
          15       1.00      0.99      1.00       112
          16       0.00      0.00      0.00        29

    accuracy                           0.96      3073
   macro avg       0.66      0.69      0.67      3073
weighted avg       0.92      0.96      0.94      3073

-------------------------------------------------------------
Number of Label Classes:  17
Image size:  (21025, 200)
Reduced Image size:  (21025, 34)
Label size:  (21025,)
Background Pixels:  (10776,)

 Class distribution: => 
+-------+----+------+-----+-----+-----+-----+----+-----+----+-----+------+-----+-----+------+-----+----+
|     0 |  1 |    2 |   3 |   4 |   5 |   6 |  7 |   8 |  9 |  10 |   11 |  12 |  13 |   14 |  15 | 16 |
+-------+----+------+-----+-----+-----+-----+----+-----+----+-----+------+-----+-----+------+-----+----+
| 10776 | 46 | 1428 | 830 | 237 | 483 | 730 | 28 | 478 | 20 | 972 | 2455 | 593 | 205 | 1265 | 386 | 93 |
+-------+----+------+-----+-----+-----+-----+----+-----+----+-----+------+-----+-----+------+-----+----+
+----+-----+-----+-----+-----+-----+----+-----+----+-----+------+-----+-----+-----+-----+----+
|  1 |   2 |   3 |   4 |   5 |   6 |  7 |   8 |  9 |  10 |   11 |  12 |  13 |  14 |  15 | 16 |
+----+-----+-----+-----+-----+-----+----+-----+----+-----+------+-----+-----+-----+-----+----+
| 30 | 989 | 575 | 156 | 322 | 527 | 21 | 352 | 16 | 709 | 1731 | 402 | 134 | 874 | 274 | 64 |
+----+-----+-----+-----+-----+-----+----+-----+----+-----+------+-----+-----+-----+-----+----+
+----+-----+-----+----+-----+-----+---+-----+---+-----+-----+-----+----+-----+-----+----+
|  1 |   2 |   3 |  4 |   5 |   6 | 7 |   8 | 9 |  10 |  11 |  12 | 13 |  14 |  15 | 16 |
+----+-----+-----+----+-----+-----+---+-----+---+-----+-----+-----+----+-----+-----+----+
| 16 | 439 | 255 | 81 | 161 | 203 | 7 | 126 | 4 | 263 | 724 | 191 | 71 | 391 | 112 | 29 |
+----+-----+-----+----+-----+-----+---+-----+---+-----+-----+-----+----+-----+-----+----+
Train vector size:  (7176, 200)
Test vector size:  (3073, 200)
Reduced Train vector size:  (7176, 34)
Reduced Test vector size:  (3073, 34)
Label train vector size:  (7176,)
Label test vector size:  (3073,)
-------------------------------------------------------------

 --- 1.0094754695892334 seconds --- 

Training set shape:  (7176, 34)
Testing set shape:  (3073, 34)
Report for Classifier: 

Training set score for SVM: 0.903010
Testing  set score for SVM: 0.895867
Train Kappa score for SVM: 0.888691
Test Kappa score for SVM: 0.880825


[[  0   0   0   0  16   0   0   0   0   0   0   0   0   0   0   0]
 [  0 439   0   0   0   0   0   0   0   0   0   0   0   0   0   0]
 [  0   0 255   0   0   0   0   0   0   0   0   0   0   0   0   0]
 [  0   0   0   0   0  12   0  69   0   0   0   0   0   0   0   0]
 [  0   0   0   0 161   0   0   0   0   0   0   0   0   0   0   0]
 [  0   0   0   0   0 203   0   0   0   0   0   0   0   0   0   0]
 [  0   0   0   0   0   7   0   0   0   0   0   0   0   0   0   0]
 [  0   0   0   0   0   0   0 126   0   0   0   0   0   0   0   0]
 [  0   0   0   0   0   1   0   0   0   0   0   0   0   3   0   0]
 [  0   0   0   0   0   0   0   0   0 263   0   0   0   0   0   0]
 [  0   0   0   0   0   0   0   0   0   0 724   0   0   0   0   0]
 [  0   0   0   0   0   0   0   0   0   0   0 191   0   0   0   0]
 [  0   0   0   0   0  70   0   0   0   1   0   0   0   0   0   0]
 [  0   0   0   0   0   0   0   0   0   0   0   0   0 391   0   0]
 [  0   0   0   0   0  55   0   0   0  57   0   0   0   0   0   0]
 [  0   0   0   0   0   0   0   0   0   0   0   0   0  29   0   0]]


              precision    recall  f1-score   support

           1       0.00      0.00      0.00        16
           2       1.00      1.00      1.00       439
           3       1.00      1.00      1.00       255
           4       0.00      0.00      0.00        81
           5       0.91      1.00      0.95       161
           6       0.58      1.00      0.74       203
           7       0.00      0.00      0.00         7
           8       0.65      1.00      0.79       126
           9       0.00      0.00      0.00         4
          10       0.82      1.00      0.90       263
          11       1.00      1.00      1.00       724
          12       1.00      1.00      1.00       191
          13       0.00      0.00      0.00        71
          14       0.92      1.00      0.96       391
          15       0.00      0.00      0.00       112
          16       0.00      0.00      0.00        29

    accuracy                           0.90      3073
   macro avg       0.49      0.56      0.52      3073
weighted avg       0.82      0.90      0.85      3073

-------------------------------------------------------------
Number of Label Classes:  17
Image size:  (21025, 200)
Reduced Image size:  (21025, 35)
Label size:  (21025,)
Background Pixels:  (10776,)

 Class distribution: => 
+-------+----+------+-----+-----+-----+-----+----+-----+----+-----+------+-----+-----+------+-----+----+
|     0 |  1 |    2 |   3 |   4 |   5 |   6 |  7 |   8 |  9 |  10 |   11 |  12 |  13 |   14 |  15 | 16 |
+-------+----+------+-----+-----+-----+-----+----+-----+----+-----+------+-----+-----+------+-----+----+
| 10776 | 46 | 1428 | 830 | 237 | 483 | 730 | 28 | 478 | 20 | 972 | 2455 | 593 | 205 | 1265 | 386 | 93 |
+-------+----+------+-----+-----+-----+-----+----+-----+----+-----+------+-----+-----+------+-----+----+
+----+-----+-----+-----+-----+-----+----+-----+----+-----+------+-----+-----+-----+-----+----+
|  1 |   2 |   3 |   4 |   5 |   6 |  7 |   8 |  9 |  10 |   11 |  12 |  13 |  14 |  15 | 16 |
+----+-----+-----+-----+-----+-----+----+-----+----+-----+------+-----+-----+-----+-----+----+
| 30 | 989 | 575 | 156 | 322 | 527 | 21 | 352 | 16 | 709 | 1731 | 402 | 134 | 874 | 274 | 64 |
+----+-----+-----+-----+-----+-----+----+-----+----+-----+------+-----+-----+-----+-----+----+
+----+-----+-----+----+-----+-----+---+-----+---+-----+-----+-----+----+-----+-----+----+
|  1 |   2 |   3 |  4 |   5 |   6 | 7 |   8 | 9 |  10 |  11 |  12 | 13 |  14 |  15 | 16 |
+----+-----+-----+----+-----+-----+---+-----+---+-----+-----+-----+----+-----+-----+----+
| 16 | 439 | 255 | 81 | 161 | 203 | 7 | 126 | 4 | 263 | 724 | 191 | 71 | 391 | 112 | 29 |
+----+-----+-----+----+-----+-----+---+-----+---+-----+-----+-----+----+-----+-----+----+
Train vector size:  (7176, 200)
Test vector size:  (3073, 200)
Reduced Train vector size:  (7176, 35)
Reduced Test vector size:  (3073, 35)
Label train vector size:  (7176,)
Label test vector size:  (3073,)
-------------------------------------------------------------

 --- 1.091773509979248 seconds --- 

Training set shape:  (7176, 35)
Testing set shape:  (3073, 35)
Report for Classifier: 

Training set score for SVM: 0.857023
Testing  set score for SVM: 0.863326
Train Kappa score for SVM: 0.835152
Test Kappa score for SVM: 0.842855


[[  0   0   0   0   0   0   0  16   0   0   0   0   0   0   0   0]
 [  0 439   0   0   0   0   0   0   0   0   0   0   0   0   0   0]
 [  0   0 255   0   0   0   0   0   0   0   0   0   0   0   0   0]
 [  0   0   0  24   0   0   0   0   0  57   0   0   0   0   0   0]
 [  0   0   0   0 161   0   0   0   0   0   0   0   0   0   0   0]
 [  0   0   0   0   0  80   0   0   0   0   0   0   0 123   0   0]
 [  0   0   0   0   0   0   0   0   0   7   0   0   0   0   0   0]
 [  0   0   0   0   0   0   0 126   0   0   0   0   0   0   0   0]
 [  0   0   0   0   0   0   0   4   0   0   0   0   0   0   0   0]
 [  0   0   0   0   0   0   0   0   0 263   0   0   0   0   0   0]
 [  0   0   0   0   0   0   0   0   0   0 724   0   0   0   0   0]
 [  0   0   0   0   0   0   0   0   0   0   0 191   0   0   0   0]
 [  0   0   0   0   0  59   0   0   0   0   0   0   0  12   0   0]
 [  0   0   0   0   0   1   0   0   0   0   0   0   0 390   0   0]
 [  0   0   0   0   0  24   0   0   0   0   3   0   0  85   0   0]
 [  0   0   0   0   0   0   0  22   0   0   0   0   0   7   0   0]]


              precision    recall  f1-score   support

           1       0.00      0.00      0.00        16
           2       1.00      1.00      1.00       439
           3       1.00      1.00      1.00       255
           4       1.00      0.30      0.46        81
           5       1.00      1.00      1.00       161
           6       0.49      0.39      0.44       203
           7       0.00      0.00      0.00         7
           8       0.75      1.00      0.86       126
           9       0.00      0.00      0.00         4
          10       0.80      1.00      0.89       263
          11       1.00      1.00      1.00       724
          12       1.00      1.00      1.00       191
          13       0.00      0.00      0.00        71
          14       0.63      1.00      0.77       391
          15       0.00      0.00      0.00       112
          16       0.00      0.00      0.00        29

    accuracy                           0.86      3073
   macro avg       0.54      0.54      0.53      3073
weighted avg       0.81      0.86      0.83      3073

-------------------------------------------------------------
|   Bands |   C |   Gamma | Kernel   |   DR_Train_Score |   DR_Test_Score |   DR_Train_Kappa |   DR_Test_Kappa |
|---------|-----|---------|----------|------------------|-----------------|------------------|-----------------|
|      24 |   1 |    0.05 | poly     |         0.927397 |        0.921575 |         0.916632 |        0.9102   |
|      25 |   1 |    0.05 | poly     |         0.800028 |        0.794012 |         0.767044 |        0.760019 |
|      26 |   1 |    0.05 | poly     |         0.888935 |        0.888383 |         0.872301 |        0.872092 |
|      27 |   1 |    0.05 | poly     |         0.961678 |        0.956069 |         0.956165 |        0.949873 |
|      28 |   1 |    0.05 | poly     |         0.942726 |        0.935242 |         0.93427  |        0.925804 |
|      29 |   1 |    0.05 | poly     |         0.875975 |        0.875366 |         0.856699 |        0.856239 |
|      30 |   1 |    0.05 | poly     |         0.942586 |        0.944354 |         0.934217 |        0.936379 |
|      31 |   1 |    0.05 | poly     |         0.847408 |        0.83892  |         0.824115 |        0.814882 |
|      32 |   1 |    0.05 | poly     |         0.947742 |        0.946957 |         0.940058 |        0.939313 |
|      33 |   1 |    0.05 | poly     |         0.962375 |        0.958021 |         0.956923 |        0.952006 |
|      34 |   1 |    0.05 | poly     |         0.90301  |        0.895867 |         0.888691 |        0.880825 |
|      35 |   1 |    0.05 | poly     |         0.857023 |        0.863326 |         0.835152 |        0.842855 |
