-------------------------------------------------------------

 --- 55.594237089157104 seconds --- 

Training set shape:  (29945, 103)
Testing set shape:  (12831, 103)
Report for Classifier: 

Training set score for SVM: 0.846018
Testing  set score for SVM: 0.839062
Train Kappa score for SVM: 0.789520
Test Kappa score for SVM: 0.780147


[[1809    7   17    0    0    7    0   66    0]
 [  15 5475    0    7    0  216    0    1    0]
 [ 134    2  385    0    0    2    0  125    0]
 [   0  188    0  696    0   15    0    0    0]
 [   6    0    0    0  424    0    0    0    0]
 [  29  467   28    0    0  970    0   29    0]
 [ 347    2    1    0    0    0   23    2    0]
 [ 226    3   98    0    0   16    0  716    0]
 [   6    1    1    0    1    0    0    0  268]]


              precision    recall  f1-score   support

           1       0.70      0.95      0.81      1906
           2       0.89      0.96      0.92      5714
           3       0.73      0.59      0.65       648
           4       0.99      0.77      0.87       899
           5       1.00      0.99      0.99       430
           6       0.79      0.64      0.71      1523
           7       1.00      0.06      0.12       375
           8       0.76      0.68      0.72      1059
           9       1.00      0.97      0.98       277

    accuracy                           0.84     12831
   macro avg       0.87      0.73      0.75     12831
weighted avg       0.85      0.84      0.83     12831

------------------------------

 --- 22.36702561378479 seconds --- 

Training set shape:  (29945, 19)
Testing set shape:  (12831, 19)
Report for Classifier: 

Training set score for SVM: 0.755953
Testing  set score for SVM: 0.766815
Train Kappa score for SVM: 0.660194
Test Kappa score for SVM: 0.670075


[[1576   13    8    0    0   23    0  286    0]
 [   4 5662    0   24    0   22    0    2    0]
 [ 184    4  128    0    0    2    0  330    0]
 [   0  280    0  618    0    1    0    0    0]
 [   6    1    0    0  422    0    0    1    0]
 [  25 1169    0    0    0  276    0   53    0]
 [ 343    1    0    0    0    1    0   30    0]
 [ 138    8    6    0    0   19    0  888    0]
 [   5    1    0    0    2    0    0    0  269]]


              precision    recall  f1-score   support

           1       0.69      0.83      0.75      1906
           2       0.79      0.99      0.88      5714
           3       0.90      0.20      0.32       648
           4       0.96      0.69      0.80       899
           5       1.00      0.98      0.99       430
           6       0.80      0.18      0.30      1523
           7       0.00      0.00      0.00       375
           8       0.56      0.84      0.67      1059
           9       1.00      0.97      0.99       277

    accuracy                           0.77     12831
   macro avg       0.74      0.63      0.63     12831
weighted avg       0.77      0.77      0.72     12831

-------------------------------------------------------------
-------------------------------------------------------------

 --- 62.70525622367859 seconds --- 

Training set shape:  (29945, 103)
Testing set shape:  (12831, 103)
Report for Classifier: 

Training set score for SVM: 0.814059
Testing  set score for SVM: 0.826046
Train Kappa score for SVM: 0.744023
Test Kappa score for SVM: 0.758641


[[1724   13   33    0    0    4    0  132    0]
 [   7 5624    0    9    0   73    0    1    0]
 [  48    4  365    0    0    0    0  231    0]
 [   0  250    0  642    0    7    0    0    0]
 [   6    0    0    0  424    0    0    0    0]
 [  20  736   49    1    0  669    0   48    0]
 [ 367    2    0    0    0    0    0    6    0]
 [ 104    4   51    0    0   16    0  884    0]
 [   6    2    1    0    1    0    0    0  267]]


              precision    recall  f1-score   support

           1       0.76      0.90      0.82      1906
           2       0.85      0.98      0.91      5714
           3       0.73      0.56      0.64       648
           4       0.98      0.71      0.83       899
           5       1.00      0.99      0.99       430
           6       0.87      0.44      0.58      1523
           7       0.00      0.00      0.00       375
           8       0.68      0.83      0.75      1059
           9       1.00      0.96      0.98       277

    accuracy                           0.83     12831
   macro avg       0.76      0.71      0.72     12831
weighted avg       0.81      0.83      0.80     12831

------------------------------

 --- 24.2347092628479 seconds --- 

Training set shape:  (29945, 19)
Testing set shape:  (12831, 19)
Report for Classifier: 

Training set score for SVM: 0.741426
Testing  set score for SVM: 0.746707
Train Kappa score for SVM: 0.639674
Test Kappa score for SVM: 0.640974


[[1589   14    0    0    4   20    0  279    0]
 [   4 5647    0   37    0   24    0    2    0]
 [ 206    4    0    0    0    2    0  436    0]
 [   0  284    0  614    0    1    0    0    0]
 [   9    1    0    0  419    0    0    1    0]
 [  22 1195    0    0    0  232    0   74    0]
 [ 344    1    0    0    0    1    0   29    0]
 [ 220    7    0    0    0   19    0  813    0]
 [   5    2    0    1    2    0    0    0  267]]


              precision    recall  f1-score   support

           1       0.66      0.83      0.74      1906
           2       0.79      0.99      0.88      5714
           3       0.00      0.00      0.00       648
           4       0.94      0.68      0.79       899
           5       0.99      0.97      0.98       430
           6       0.78      0.15      0.25      1523
           7       0.00      0.00      0.00       375
           8       0.50      0.77      0.60      1059
           9       1.00      0.96      0.98       277

    accuracy                           0.75     12831
   macro avg       0.63      0.60      0.58     12831
weighted avg       0.70      0.75      0.69     12831

-------------------------------------------------------------
-------------------------------------------------------------

 --- 90.85793781280518 seconds --- 

Training set shape:  (29945, 103)
Testing set shape:  (12831, 103)
Report for Classifier: 

Training set score for SVM: 0.730539
Testing  set score for SVM: 0.740005
Train Kappa score for SVM: 0.624595
Test Kappa score for SVM: 0.632771


[[1656   17    0    0    4    1    0  228    0]
 [  10 5567    0   58    0   78    0    1    0]
 [  64    4    0    0    0    0    0  580    0]
 [   0  336    0  562    0    1    0    0    0]
 [   8    0    0    0  422    0    0    0    0]
 [  21 1155    0    0    1  148    0  198    0]
 [ 358    2    0    0    0    0    0   15    0]
 [ 163    7    0    0    0    7    0  882    0]
 [  11    3    0    2    3    0    0    0  258]]


              precision    recall  f1-score   support

           1       0.72      0.87      0.79      1906
           2       0.79      0.97      0.87      5714
           3       0.00      0.00      0.00       648
           4       0.90      0.63      0.74       899
           5       0.98      0.98      0.98       430
           6       0.63      0.10      0.17      1523
           7       0.00      0.00      0.00       375
           8       0.46      0.83      0.60      1059
           9       1.00      0.93      0.96       277

    accuracy                           0.74     12831
   macro avg       0.61      0.59      0.57     12831
weighted avg       0.69      0.74      0.68     12831

------------------------------

 --- 33.13203835487366 seconds --- 

Training set shape:  (29945, 19)
Testing set shape:  (12831, 19)
Report for Classifier: 

Training set score for SVM: 0.636500
Testing  set score for SVM: 0.641182
Train Kappa score for SVM: 0.467114
Test Kappa score for SVM: 0.467386


[[1862   17    0    0   27    0    0    0    0]
 [  10 5704    0    0    0    0    0    0    0]
 [ 644    4    0    0    0    0    0    0    0]
 [   0  899    0    0    0    0    0    0    0]
 [  11    1    0    0  418    0    0    0    0]
 [ 210 1313    0    0    0    0    0    0    0]
 [ 373    2    0    0    0    0    0    0    0]
 [1045   14    0    0    0    0    0    0    0]
 [  18   10    0    0    6    0    0    0  243]]


              precision    recall  f1-score   support

           1       0.45      0.98      0.61      1906
           2       0.72      1.00      0.83      5714
           3       0.00      0.00      0.00       648
           4       0.00      0.00      0.00       899
           5       0.93      0.97      0.95       430
           6       0.00      0.00      0.00      1523
           7       0.00      0.00      0.00       375
           8       0.00      0.00      0.00      1059
           9       1.00      0.88      0.93       277

    accuracy                           0.64     12831
   macro avg       0.34      0.42      0.37     12831
weighted avg       0.44      0.64      0.51     12831

-------------------------------------------------------------
-------------------------------------------------------------

 --- 52.66153025627136 seconds --- 

Training set shape:  (29945, 103)
Testing set shape:  (12831, 103)
Report for Classifier: 

Training set score for SVM: 0.876707
Testing  set score for SVM: 0.854571
Train Kappa score for SVM: 0.832717
Test Kappa score for SVM: 0.805110


[[1825    5   12    0    0   10    9   45    0]
 [  18 5239    0    8    0  447    0    2    0]
 [ 127    1  400    0    0    3    0  117    0]
 [   0  140    0  744    0   15    0    0    0]
 [   5    0    0    0  424    1    0    0    0]
 [  38  270   21    0    0 1177    0   17    0]
 [ 135    0    0    0    0    0  239    1    0]
 [ 289    3  105    0    0   16    0  646    0]
 [   4    1    1    0    0    0    0    0  271]]


              precision    recall  f1-score   support

           1       0.75      0.96      0.84      1906
           2       0.93      0.92      0.92      5714
           3       0.74      0.62      0.67       648
           4       0.99      0.83      0.90       899
           5       1.00      0.99      0.99       430
           6       0.71      0.77      0.74      1523
           7       0.96      0.64      0.77       375
           8       0.78      0.61      0.68      1059
           9       1.00      0.98      0.99       277

    accuracy                           0.85     12831
   macro avg       0.87      0.81      0.83     12831
weighted avg       0.86      0.85      0.85     12831

------------------------------

 --- 15.42444133758545 seconds --- 

Training set shape:  (29945, 19)
Testing set shape:  (12831, 19)
Report for Classifier: 

Training set score for SVM: 0.836868
Testing  set score for SVM: 0.818564
Train Kappa score for SVM: 0.777254
Test Kappa score for SVM: 0.748940


[[1611   10  105    0    0   22    1  157    0]
 [   4 5645    1   13    0   50    0    1    0]
 [  30    2  552    0    0    3    0   61    0]
 [   0  224    0  667    0    8    0    0    0]
 [   2    1    0    0  424    1    2    0    0]
 [  27  768   10    0    0  698    1   19    0]
 [ 311    1    4    0    0    2   32   25    0]
 [  61    7  365    0    0   25    0  601    0]
 [   3    1    0    0    0    0    0    0  273]]


              precision    recall  f1-score   support

           1       0.79      0.85      0.81      1906
           2       0.85      0.99      0.91      5714
           3       0.53      0.85      0.66       648
           4       0.98      0.74      0.84       899
           5       1.00      0.99      0.99       430
           6       0.86      0.46      0.60      1523
           7       0.89      0.09      0.16       375
           8       0.70      0.57      0.63      1059
           9       1.00      0.99      0.99       277

    accuracy                           0.82     12831
   macro avg       0.84      0.72      0.73     12831
weighted avg       0.83      0.82      0.80     12831

-------------------------------------------------------------
-------------------------------------------------------------

 --- 46.628803730010986 seconds --- 

Training set shape:  (29945, 103)
Testing set shape:  (12831, 103)
Report for Classifier: 

Training set score for SVM: 0.900818
Testing  set score for SVM: 0.808121
Train Kappa score for SVM: 0.866519
Test Kappa score for SVM: 0.752920


[[1818    1   13    0    0   12   35   27    0]
 [  20 4329    1   14    0 1348    0    2    0]
 [  82    1  469    0    0    3    0   93    0]
 [   0   86    0  797    0   16    0    0    0]
 [   3    0    0    0  425    2    0    0    0]
 [  25   80    0    0    0 1415    0    3    0]
 [  82    0    0    0    0    1  291    1    0]
 [ 349    2  121    0    0   34    0  553    0]
 [   4    0    1    0    0    0    0    0  272]]


              precision    recall  f1-score   support

           1       0.76      0.95      0.85      1906
           2       0.96      0.76      0.85      5714
           3       0.78      0.72      0.75       648
           4       0.98      0.89      0.93       899
           5       1.00      0.99      0.99       430
           6       0.50      0.93      0.65      1523
           7       0.89      0.78      0.83       375
           8       0.81      0.52      0.64      1059
           9       1.00      0.98      0.99       277

    accuracy                           0.81     12831
   macro avg       0.85      0.84      0.83     12831
weighted avg       0.86      0.81      0.82     12831

------------------------------

 --- 18.629690885543823 seconds --- 

Training set shape:  (29945, 19)
Testing set shape:  (12831, 19)
Report for Classifier: 

Training set score for SVM: 0.811555
Testing  set score for SVM: 0.801964
Train Kappa score for SVM: 0.740819
Test Kappa score for SVM: 0.724455


[[1564   10  125    0    0   22    0  185    0]
 [   3 5647    1   16    0   46    0    1    0]
 [  44    3  533    0    0    2    0   66    0]
 [   0  246    0  649    0    4    0    0    0]
 [   4    1    0    0  424    0    0    1    0]
 [  25  883   11    0    0  581    0   23    0]
 [ 339    1    5    0    0    1    0   29    0]
 [  85    7  322    0    0   24    0  621    0]
 [   5    1    0    0    0    0    0    0  271]]


              precision    recall  f1-score   support

           1       0.76      0.82      0.79      1906
           2       0.83      0.99      0.90      5714
           3       0.53      0.82      0.65       648
           4       0.98      0.72      0.83       899
           5       1.00      0.99      0.99       430
           6       0.85      0.38      0.53      1523
           7       0.00      0.00      0.00       375
           8       0.67      0.59      0.63      1059
           9       1.00      0.98      0.99       277

    accuracy                           0.80     12831
   macro avg       0.74      0.70      0.70     12831
weighted avg       0.79      0.80      0.78     12831

-------------------------------------------------------------
-------------------------------------------------------------

 --- 55.270193338394165 seconds --- 

Training set shape:  (29945, 103)
Testing set shape:  (12831, 103)
Report for Classifier: 

Training set score for SVM: 0.882752
Testing  set score for SVM: 0.829709
Train Kappa score for SVM: 0.841232
Test Kappa score for SVM: 0.775625


[[1825    2   13    0    0   12   20   34    0]
 [  29 4826    1   10    0  846    0    2    0]
 [ 143    1  415    0    0    3    0   86    0]
 [   0  120    0  763    0   16    0    0    0]
 [   5    0    0    0  424    1    0    0    0]
 [  32  208    6    0    0 1263    0   14    0]
 [  91    0    0    0    0    0  283    1    0]
 [ 359    2  101    0    0   21    0  576    0]
 [   5    0    1    0    0    0    0    0  271]]


              precision    recall  f1-score   support

           1       0.73      0.96      0.83      1906
           2       0.94      0.84      0.89      5714
           3       0.77      0.64      0.70       648
           4       0.99      0.85      0.91       899
           5       1.00      0.99      0.99       430
           6       0.58      0.83      0.69      1523
           7       0.93      0.75      0.83       375
           8       0.81      0.54      0.65      1059
           9       1.00      0.98      0.99       277

    accuracy                           0.83     12831
   macro avg       0.86      0.82      0.83     12831
weighted avg       0.85      0.83      0.83     12831

------------------------------

 --- 20.187754154205322 seconds --- 

Training set shape:  (29945, 19)
Testing set shape:  (12831, 19)
Report for Classifier: 

Training set score for SVM: 0.788913
Testing  set score for SVM: 0.792768
Train Kappa score for SVM: 0.707960
Test Kappa score for SVM: 0.709683


[[1571   10   80    0    0   30    1  214    0]
 [   3 5646    1   20    0   42    0    2    0]
 [  49    4  468    0    0    2    0  125    0]
 [   0  258    0  639    0    2    0    0    0]
 [   4    1    0    0  424    0    0    1    0]
 [  23 1035    4    0    0  424    0   37    0]
 [ 340    1    3    0    0    1    0   30    0]
 [  92    8  209    0    0   20    0  730    0]
 [   5    1    0    0    1    0    0    0  270]]


              precision    recall  f1-score   support

           1       0.75      0.82      0.79      1906
           2       0.81      0.99      0.89      5714
           3       0.61      0.72      0.66       648
           4       0.97      0.71      0.82       899
           5       1.00      0.99      0.99       430
           6       0.81      0.28      0.41      1523
           7       0.00      0.00      0.00       375
           8       0.64      0.69      0.66      1059
           9       1.00      0.97      0.99       277

    accuracy                           0.79     12831
   macro avg       0.73      0.69      0.69     12831
weighted avg       0.78      0.79      0.76     12831

-------------------------------------------------------------
-------------------------------------------------------------

 --- 81.74455118179321 seconds --- 

Training set shape:  (29945, 103)
Testing set shape:  (12831, 103)
Report for Classifier: 

Training set score for SVM: 0.777926
Testing  set score for SVM: 0.778038
Train Kappa score for SVM: 0.693011
Test Kappa score for SVM: 0.689965


[[1626   15   21    0    0    5    0  238    1]
 [   5 5590    0   13    0  104    0    2    0]
 [  26    4   20    0    0    0    1  597    0]
 [   0  290    0  605    0    4    0    0    0]
 [   6    0    0    0  424    0    0    0    0]
 [  20  910    8    0    0  454    0  131    0]
 [ 355    2    0    0    0    0    0   18    0]
 [  41    5    0    0    0   13    0 1000    0]
 [   8    2    0    1    1    0    0    1  264]]


              precision    recall  f1-score   support

           1       0.78      0.85      0.81      1906
           2       0.82      0.98      0.89      5714
           3       0.41      0.03      0.06       648
           4       0.98      0.67      0.80       899
           5       1.00      0.99      0.99       430
           6       0.78      0.30      0.43      1523
           7       0.00      0.00      0.00       375
           8       0.50      0.94      0.66      1059
           9       1.00      0.95      0.97       277

    accuracy                           0.78     12831
   macro avg       0.70      0.64      0.62     12831
weighted avg       0.76      0.78      0.74     12831

------------------------------

 --- 26.53712773323059 seconds --- 

Training set shape:  (29945, 19)
Testing set shape:  (12831, 19)
Report for Classifier: 

Training set score for SVM: 0.720387
Testing  set score for SVM: 0.725976
Train Kappa score for SVM: 0.608077
Test Kappa score for SVM: 0.608797


[[1650   17    0    0    8   13    0  218    0]
 [   4 5659    0   49    0    0    0    2    0]
 [ 335    4    0    0    0    1    0  308    0]
 [   0  311    0  587    0    1    0    0    0]
 [  10    1    0    0  418    0    0    1    0]
 [  22 1257    0    0    0  145    0   99    0]
 [ 354    2    0    0    0    0    0   19    0]
 [ 442   14    0    0    0   11    0  592    0]
 [   7    3    0    0    3    0    0    0  264]]


              precision    recall  f1-score   support

           1       0.58      0.87      0.70      1906
           2       0.78      0.99      0.87      5714
           3       0.00      0.00      0.00       648
           4       0.92      0.65      0.76       899
           5       0.97      0.97      0.97       430
           6       0.85      0.10      0.17      1523
           7       0.00      0.00      0.00       375
           8       0.48      0.56      0.52      1059
           9       1.00      0.95      0.98       277

    accuracy                           0.73     12831
   macro avg       0.62      0.57      0.55     12831
weighted avg       0.69      0.73      0.66     12831

-------------------------------------------------------------
-------------------------------------------------------------

 --- 41.297606229782104 seconds --- 

Training set shape:  (29945, 103)
Testing set shape:  (12831, 103)
Report for Classifier: 

Training set score for SVM: 0.910870
Testing  set score for SVM: 0.785286
Train Kappa score for SVM: 0.880536
Test Kappa score for SVM: 0.726672


[[1827    0   20    0    0   12   21   26    0]
 [  12 4036    2   20    0 1641    0    3    0]
 [  69    2  475    0    0    4    0   98    0]
 [   0   60    0  823    0   16    0    0    0]
 [   3    0    0    0  426    1    0    0    0]
 [  20   42    0    0    0 1459    0    2    0]
 [ 112    0    0    0    0    1  262    0    0]
 [ 344    1  143    0    0   77    0  494    0]
 [   3    0    0    0    0    0    0    0  274]]


              precision    recall  f1-score   support

           1       0.76      0.96      0.85      1906
           2       0.97      0.71      0.82      5714
           3       0.74      0.73      0.74       648
           4       0.98      0.92      0.94       899
           5       1.00      0.99      1.00       430
           6       0.45      0.96      0.62      1523
           7       0.93      0.70      0.80       375
           8       0.79      0.47      0.59      1059
           9       1.00      0.99      0.99       277

    accuracy                           0.79     12831
   macro avg       0.85      0.82      0.82     12831
weighted avg       0.86      0.79      0.79     12831

------------------------------

 --- 13.188636779785156 seconds --- 

Training set shape:  (29945, 19)
Testing set shape:  (12831, 19)
Report for Classifier: 

Training set score for SVM: 0.868960
Testing  set score for SVM: 0.840465
Train Kappa score for SVM: 0.823267
Test Kappa score for SVM: 0.781712


[[1630    7  106    0    0   25   13  125    0]
 [   5 5592    1   13    0  102    0    1    0]
 [  15    2  570    0    0    2    0   59    0]
 [   0  185    0  703    0   11    0    0    0]
 [   1    1    0    0  425    1    2    0    0]
 [  33  587    1    1    0  892    4    5    0]
 [ 224    1    3    0    0    1  121   25    0]
 [  58    4  387    0    0   33    1  576    0]
 [   2    0    0    0    0    0    0    0  275]]


              precision    recall  f1-score   support

           1       0.83      0.86      0.84      1906
           2       0.88      0.98      0.92      5714
           3       0.53      0.88      0.66       648
           4       0.98      0.78      0.87       899
           5       1.00      0.99      0.99       430
           6       0.84      0.59      0.69      1523
           7       0.86      0.32      0.47       375
           8       0.73      0.54      0.62      1059
           9       1.00      0.99      1.00       277

    accuracy                           0.84     12831
   macro avg       0.85      0.77      0.79     12831
weighted avg       0.85      0.84      0.83     12831

-------------------------------------------------------------
-------------------------------------------------------------

 --- 34.02722454071045 seconds --- 

Training set shape:  (29945, 103)
Testing set shape:  (12831, 103)
Report for Classifier: 

Training set score for SVM: 0.923927
Testing  set score for SVM: 0.658717
Train Kappa score for SVM: 0.898601
Test Kappa score for SVM: 0.582861


[[1785    0   88    0    0   21    0   12    0]
 [  27 2833    2   69    0 2780    0    3    0]
 [  47    0  568    0    0   13    0   20    0]
 [   0   11    0  871    0   17    0    0    0]
 [   1    0    0    0  426    3    0    0    0]
 [  18    9    0    2    0 1494    0    0    0]
 [ 267    0    0    0    0    1  107    0    0]
 [ 310    1  403    0    0  248    1   96    0]
 [   4    0    0    1    0    0    0    0  272]]


              precision    recall  f1-score   support

           1       0.73      0.94      0.82      1906
           2       0.99      0.50      0.66      5714
           3       0.54      0.88      0.66       648
           4       0.92      0.97      0.95       899
           5       1.00      0.99      1.00       430
           6       0.33      0.98      0.49      1523
           7       0.99      0.29      0.44       375
           8       0.73      0.09      0.16      1059
           9       1.00      0.98      0.99       277

    accuracy                           0.66     12831
   macro avg       0.80      0.73      0.69     12831
weighted avg       0.82      0.66      0.65     12831

------------------------------

 --- 14.857931852340698 seconds --- 

Training set shape:  (29945, 19)
Testing set shape:  (12831, 19)
Report for Classifier: 

Training set score for SVM: 0.851995
Testing  set score for SVM: 0.829553
Train Kappa score for SVM: 0.799362
Test Kappa score for SVM: 0.766125


[[1593    7  136    0    0   34   20  116    0]
 [   3 5597    1   14    0   96    0    3    0]
 [  27    3  571    0    0    1    0   46    0]
 [   0  210    0  679    0   10    0    0    0]
 [   0    1    0    0  425    1    3    0    0]
 [  20  647    4    0    0  838    8    6    0]
 [ 208    1    3    0    0    1  136   26    0]
 [  73    4  408    0    0   40    1  533    0]
 [   4    1    0    0    0    0    0    0  272]]


              precision    recall  f1-score   support

           1       0.83      0.84      0.83      1906
           2       0.86      0.98      0.92      5714
           3       0.51      0.88      0.64       648
           4       0.98      0.76      0.85       899
           5       1.00      0.99      0.99       430
           6       0.82      0.55      0.66      1523
           7       0.81      0.36      0.50       375
           8       0.73      0.50      0.60      1059
           9       1.00      0.98      0.99       277

    accuracy                           0.83     12831
   macro avg       0.84      0.76      0.78     12831
weighted avg       0.84      0.83      0.82     12831

-------------------------------------------------------------
-------------------------------------------------------------

 --- 38.9238018989563 seconds --- 

Training set shape:  (29945, 103)
Testing set shape:  (12831, 103)
Report for Classifier: 

Training set score for SVM: 0.915746
Testing  set score for SVM: 0.693165
Train Kappa score for SVM: 0.887407
Test Kappa score for SVM: 0.621878


[[1824    0   46    0    0   18    5   13    0]
 [  53 3084    3   52    0 2520    0    2    0]
 [  57    0  538    0    0    4    0   49    0]
 [   0   29    0  852    0   18    0    0    0]
 [   2    0    0    0  426    2    0    0    0]
 [  17   15    0    1    0 1490    0    0    0]
 [ 183    0    0    0    0    1  191    0    0]
 [ 316    1  364    0    0  161    0  217    0]
 [   4    0    0    1    0    0    0    0  272]]


              precision    recall  f1-score   support

           1       0.74      0.96      0.84      1906
           2       0.99      0.54      0.70      5714
           3       0.57      0.83      0.67       648
           4       0.94      0.95      0.94       899
           5       1.00      0.99      1.00       430
           6       0.35      0.98      0.52      1523
           7       0.97      0.51      0.67       375
           8       0.77      0.20      0.32      1059
           9       1.00      0.98      0.99       277

    accuracy                           0.69     12831
   macro avg       0.81      0.77      0.74     12831
weighted avg       0.83      0.69      0.70     12831

------------------------------

 --- 15.635423421859741 seconds --- 

Training set shape:  (29945, 19)
Testing set shape:  (12831, 19)
Report for Classifier: 

Training set score for SVM: 0.835064
Testing  set score for SVM: 0.817785
Train Kappa score for SVM: 0.775054
Test Kappa score for SVM: 0.749142


[[1596    9  136    0    0   35    1  129    0]
 [   3 5598    1   17    0   92    0    3    0]
 [  30    2  567    0    0    2    0   47    0]
 [   0  213    0  681    0    5    0    0    0]
 [   2    1    0    0  425    1    1    0    0]
 [  24  698    8    1    0  777    2   13    0]
 [ 300    1    4    0    0    2   43   25    0]
 [  79    4  410    0    0   32    0  534    0]
 [   4    1    0    0    0    0    0    0  272]]


              precision    recall  f1-score   support

           1       0.78      0.84      0.81      1906
           2       0.86      0.98      0.91      5714
           3       0.50      0.88      0.64       648
           4       0.97      0.76      0.85       899
           5       1.00      0.99      0.99       430
           6       0.82      0.51      0.63      1523
           7       0.91      0.11      0.20       375
           8       0.71      0.50      0.59      1059
           9       1.00      0.98      0.99       277

    accuracy                           0.82     12831
   macro avg       0.84      0.73      0.74     12831
weighted avg       0.83      0.82      0.80     12831

-------------------------------------------------------------
-------------------------------------------------------------

 --- 56.81697869300842 seconds --- 

Training set shape:  (29945, 103)
Testing set shape:  (12831, 103)
Report for Classifier: 

Training set score for SVM: 0.871331
Testing  set score for SVM: 0.818564
Train Kappa score for SVM: 0.825354
Test Kappa score for SVM: 0.758306


[[1835    3   13    0    0   12    6   37    0]
 [  50 4959    3   17    0  681    0    4    0]
 [ 175    3  392    0    0    0    0   78    0]
 [   0  131    0  756    0   12    0    0    0]
 [   5    0    0    0  425    0    0    0    0]
 [  32  317    5    2    0 1151    0   16    0]
 [ 227    0    0    0    0    1  146    1    0]
 [ 377    2   92    0    0   20    0  568    0]
 [   4    1    1    0    0    0    0    0  271]]


              precision    recall  f1-score   support

           1       0.68      0.96      0.80      1906
           2       0.92      0.87      0.89      5714
           3       0.77      0.60      0.68       648
           4       0.98      0.84      0.90       899
           5       1.00      0.99      0.99       430
           6       0.61      0.76      0.68      1523
           7       0.96      0.39      0.55       375
           8       0.81      0.54      0.64      1059
           9       1.00      0.98      0.99       277

    accuracy                           0.82     12831
   macro avg       0.86      0.77      0.79     12831
weighted avg       0.84      0.82      0.82     12831

------------------------------

 --- 20.61986994743347 seconds --- 

Training set shape:  (29945, 19)
Testing set shape:  (12831, 19)
Report for Classifier: 

Training set score for SVM: 0.786041
Testing  set score for SVM: 0.790741
Train Kappa score for SVM: 0.704410
Test Kappa score for SVM: 0.707443


[[1564   11   84    0    0   31    2  214    0]
 [   3 5609    1   22    0   77    0    2    0]
 [  45    4  472    0    0    2    0  125    0]
 [   0  251    0  646    0    2    0    0    0]
 [   4    1    0    0  424    0    0    1    0]
 [  22 1026    3    0    0  434    0   38    0]
 [ 340    1    3    0    0    1    0   30    0]
 [  96    6  208    0    0   22    0  727    0]
 [   5    1    0    0    1    0    0    0  270]]


              precision    recall  f1-score   support

           1       0.75      0.82      0.78      1906
           2       0.81      0.98      0.89      5714
           3       0.61      0.73      0.67       648
           4       0.97      0.72      0.82       899
           5       1.00      0.99      0.99       430
           6       0.76      0.28      0.41      1523
           7       0.00      0.00      0.00       375
           8       0.64      0.69      0.66      1059
           9       1.00      0.97      0.99       277

    accuracy                           0.79     12831
   macro avg       0.73      0.69      0.69     12831
weighted avg       0.77      0.79      0.76     12831

-------------------------------------------------------------
-------------------------------------------------------------

 --- 29.807167768478394 seconds --- 

Training set shape:  (29945, 103)
Testing set shape:  (12831, 103)
Report for Classifier: 

Training set score for SVM: 0.928703
Testing  set score for SVM: 0.653807
Train Kappa score for SVM: 0.905107
Test Kappa score for SVM: 0.576087


[[1770    0  110    0    0   19    0    7    0]
 [  19 2860    2   63    0 2767    0    3    0]
 [  69    0  563    0    0    9    0    7    0]
 [   1   14    0  871    0   13    0    0    0]
 [   2    0    0    0  426    2    0    0    0]
 [  14   10    0    2    0 1497    0    0    0]
 [ 307    0    0    0    0    1   67    0    0]
 [ 397    4  405    0    0  190    1   62    0]
 [   3    0    0    1    0    0    0    0  273]]


              precision    recall  f1-score   support

           1       0.69      0.93      0.79      1906
           2       0.99      0.50      0.66      5714
           3       0.52      0.87      0.65       648
           4       0.93      0.97      0.95       899
           5       1.00      0.99      1.00       430
           6       0.33      0.98      0.50      1523
           7       0.99      0.18      0.30       375
           8       0.78      0.06      0.11      1059
           9       1.00      0.99      0.99       277

    accuracy                           0.65     12831
   macro avg       0.80      0.72      0.66     12831
weighted avg       0.82      0.65      0.64     12831

------------------------------

 --- 12.7321195602417 seconds --- 

Training set shape:  (29945, 19)
Testing set shape:  (12831, 19)
Report for Classifier: 

Training set score for SVM: 0.888863
Testing  set score for SVM: 0.849583
Train Kappa score for SVM: 0.851221
Test Kappa score for SVM: 0.795750


[[1676    6  111    0    0   15    7   91    0]
 [   5 5532    1   14    0  161    0    1    0]
 [  16    0  575    0    0    0    2   55    0]
 [   0  142    0  748    0    9    0    0    0]
 [   4    0    0    0  425    0    1    0    0]
 [  34  455    0    2    0 1028    0    4    0]
 [ 251    0    2    0    0    3   99   20    0]
 [  91    5  385    0    0   30    2  546    0]
 [   5    0    0    0    0    0    0    0  272]]


              precision    recall  f1-score   support

           1       0.80      0.88      0.84      1906
           2       0.90      0.97      0.93      5714
           3       0.54      0.89      0.67       648
           4       0.98      0.83      0.90       899
           5       1.00      0.99      0.99       430
           6       0.83      0.67      0.74      1523
           7       0.89      0.26      0.41       375
           8       0.76      0.52      0.61      1059
           9       1.00      0.98      0.99       277

    accuracy                           0.85     12831
   macro avg       0.86      0.78      0.79     12831
weighted avg       0.86      0.85      0.84     12831

-------------------------------------------------------------
-------------------------------------------------------------

 --- 31.40739345550537 seconds --- 

Training set shape:  (29945, 103)
Testing set shape:  (12831, 103)
Report for Classifier: 

Training set score for SVM: 0.927968
Testing  set score for SVM: 0.626218
Train Kappa score for SVM: 0.904113
Test Kappa score for SVM: 0.547325


[[1773    0  103    0    0   27    0    3    0]
 [  32 2509    2   84    0 3086    0    1    0]
 [  72    0  560    0    0   11    0    5    0]
 [   0    8    0  876    0   15    0    0    0]
 [   1    0    0    0  426    3    0    0    0]
 [  10    5    0    2    0 1506    0    0    0]
 [ 309    0    0    0    0    1   65    0    0]
 [ 411    2  386    0    0  211    1   48    0]
 [   4    0    0    1    0    0    0    0  272]]


              precision    recall  f1-score   support

           1       0.68      0.93      0.78      1906
           2       0.99      0.44      0.61      5714
           3       0.53      0.86      0.66       648
           4       0.91      0.97      0.94       899
           5       1.00      0.99      1.00       430
           6       0.31      0.99      0.47      1523
           7       0.98      0.17      0.29       375
           8       0.84      0.05      0.09      1059
           9       1.00      0.98      0.99       277

    accuracy                           0.63     12831
   macro avg       0.81      0.71      0.65     12831
weighted avg       0.82      0.63      0.61     12831

------------------------------

 --- 14.767253637313843 seconds --- 

Training set shape:  (29945, 19)
Testing set shape:  (12831, 19)
Report for Classifier: 

Training set score for SVM: 0.859008
Testing  set score for SVM: 0.834619
Train Kappa score for SVM: 0.809413
Test Kappa score for SVM: 0.773476


[[1587    7  134    0    0   33   25  120    0]
 [   5 5583    1   12    0  110    0    3    0]
 [  18    2  574    0    0    2    0   52    0]
 [   0  214    0  675    0   10    0    0    0]
 [   0    1    0    0  426    0    3    0    0]
 [  26  616    3    0    0  871    4    3    0]
 [ 185    1    3    0    0    1  160   25    0]
 [  71    4  387    0    0   35    1  561    0]
 [   4    1    0    0    0    0    0    0  272]]


              precision    recall  f1-score   support

           1       0.84      0.83      0.83      1906
           2       0.87      0.98      0.92      5714
           3       0.52      0.89      0.66       648
           4       0.98      0.75      0.85       899
           5       1.00      0.99      1.00       430
           6       0.82      0.57      0.67      1523
           7       0.83      0.43      0.56       375
           8       0.73      0.53      0.62      1059
           9       1.00      0.98      0.99       277

    accuracy                           0.83     12831
   macro avg       0.84      0.77      0.79     12831
weighted avg       0.84      0.83      0.83     12831

-------------------------------------------------------------
-------------------------------------------------------------

 --- 34.36461544036865 seconds --- 

Training set shape:  (29945, 103)
Testing set shape:  (12831, 103)
Report for Classifier: 

Training set score for SVM: 0.919920
Testing  set score for SVM: 0.647962
Train Kappa score for SVM: 0.893158
Test Kappa score for SVM: 0.571497


[[1792    0   84    0    0   23    0    7    0]
 [  45 2693    3   65    0 2907    0    1    0]
 [  52    0  576    0    0   10    0   10    0]
 [   0   16    0  868    0   15    0    0    0]
 [   1    0    0    0  426    3    0    0    0]
 [  15    9    0    1    0 1498    0    0    0]
 [ 252    0    0    0    0    1  122    0    0]
 [ 338    1  418    0    0  235    1   66    0]
 [   3    0    0    1    0    0    0    0  273]]


              precision    recall  f1-score   support

           1       0.72      0.94      0.81      1906
           2       0.99      0.47      0.64      5714
           3       0.53      0.89      0.67       648
           4       0.93      0.97      0.95       899
           5       1.00      0.99      1.00       430
           6       0.32      0.98      0.48      1523
           7       0.99      0.33      0.49       375
           8       0.79      0.06      0.12      1059
           9       1.00      0.99      0.99       277

    accuracy                           0.65     12831
   macro avg       0.81      0.73      0.68     12831
weighted avg       0.83      0.65      0.64     12831

------------------------------

 --- 15.516466856002808 seconds --- 

Training set shape:  (29945, 19)
Testing set shape:  (12831, 19)
Report for Classifier: 

Training set score for SVM: 0.847420
Testing  set score for SVM: 0.825812
Train Kappa score for SVM: 0.792837
Test Kappa score for SVM: 0.760886


[[1579    8  137    0    0   35   22  125    0]
 [   5 5595    1   16    0   94    0    3    0]
 [  28    3  568    0    0    1    0   48    0]
 [   0  210    0  681    0    8    0    0    0]
 [   0    1    0    0  425    1    3    0    0]
 [  21  665    4    0    0  818    7    8    0]
 [ 204    1    4    0    0    1  138   27    0]
 [  77    4  418    0    0   39    1  520    0]
 [   4    1    0    0    0    0    0    0  272]]


              precision    recall  f1-score   support

           1       0.82      0.83      0.83      1906
           2       0.86      0.98      0.92      5714
           3       0.50      0.88      0.64       648
           4       0.98      0.76      0.85       899
           5       1.00      0.99      0.99       430
           6       0.82      0.54      0.65      1523
           7       0.81      0.37      0.51       375
           8       0.71      0.49      0.58      1059
           9       1.00      0.98      0.99       277

    accuracy                           0.83     12831
   macro avg       0.83      0.76      0.77     12831
weighted avg       0.83      0.83      0.82     12831

-------------------------------------------------------------
-------------------------------------------------------------

 --- 53.604114294052124 seconds --- 

Training set shape:  (29945, 103)
Testing set shape:  (12831, 103)
Report for Classifier: 

Training set score for SVM: 0.885490
Testing  set score for SVM: 0.786221
Train Kappa score for SVM: 0.845227
Test Kappa score for SVM: 0.723191


[[1851    2   11    0    0   13    9   20    0]
 [  69 4307    2   32    0 1302    0    2    0]
 [ 134    2  438    0    0    0    0   74    0]
 [   0   92    0  792    0   15    0    0    0]
 [   2    0    0    0  425    2    1    0    0]
 [  33  180    0    1    0 1306    0    3    0]
 [ 176    0    0    0    0    1  198    0    0]
 [ 434    2   86    0    0   38    0  499    0]
 [   4    0    1    0    0    0    0    0  272]]


              precision    recall  f1-score   support

           1       0.68      0.97      0.80      1906
           2       0.94      0.75      0.84      5714
           3       0.81      0.68      0.74       648
           4       0.96      0.88      0.92       899
           5       1.00      0.99      0.99       430
           6       0.49      0.86      0.62      1523
           7       0.95      0.53      0.68       375
           8       0.83      0.47      0.60      1059
           9       1.00      0.98      0.99       277

    accuracy                           0.79     12831
   macro avg       0.85      0.79      0.80     12831
weighted avg       0.84      0.79      0.79     12831

------------------------------

 --- 18.828211545944214 seconds --- 

Training set shape:  (29945, 19)
Testing set shape:  (12831, 19)
Report for Classifier: 

Training set score for SVM: 0.805911
Testing  set score for SVM: 0.794950
Train Kappa score for SVM: 0.733005
Test Kappa score for SVM: 0.715035


[[1555    9  133    0    0   27    1  181    0]
 [   2 5602    1   19    0   88    0    2    0]
 [  41    4  540    0    0    1    0   62    0]
 [   0  239    0  658    0    2    0    0    0]
 [   4    1    0    0  424    0    0    1    0]
 [  23  909   10    0    0  556    0   25    0]
 [ 336    1    5    0    0    1    0   32    0]
 [  92    6  342    0    0   24    0  595    0]
 [   6    1    0    0    0    0    0    0  270]]


              precision    recall  f1-score   support

           1       0.76      0.82      0.78      1906
           2       0.83      0.98      0.90      5714
           3       0.52      0.83      0.64       648
           4       0.97      0.73      0.84       899
           5       1.00      0.99      0.99       430
           6       0.80      0.37      0.50      1523
           7       0.00      0.00      0.00       375
           8       0.66      0.56      0.61      1059
           9       1.00      0.97      0.99       277

    accuracy                           0.79     12831
   macro avg       0.73      0.69      0.69     12831
weighted avg       0.78      0.79      0.77     12831

-------------------------------------------------------------
-------------------------------------------------------------

 --- 29.92829942703247 seconds --- 

Training set shape:  (29945, 103)
Testing set shape:  (12831, 103)
Report for Classifier: 

Training set score for SVM: 0.932710
Testing  set score for SVM: 0.614683
Train Kappa score for SVM: 0.910551
Test Kappa score for SVM: 0.535070


[[1793    1   91    0    0   17    0    4    0]
 [  34 2366    1   68    0 3244    0    1    0]
 [  67    0  569    0    0    8    0    4    0]
 [   0   13    0  875    0   11    0    0    0]
 [   2    0    0    0  426    2    0    0    0]
 [  13    3    0    2    0 1505    0    0    0]
 [ 341    0    0    0    0    0   34    0    0]
 [ 468    4  407    0    0  133    1   46    0]
 [   3    0    0    1    0    0    0    0  273]]


              precision    recall  f1-score   support

           1       0.66      0.94      0.78      1906
           2       0.99      0.41      0.58      5714
           3       0.53      0.88      0.66       648
           4       0.92      0.97      0.95       899
           5       1.00      0.99      1.00       430
           6       0.31      0.99      0.47      1523
           7       0.97      0.09      0.17       375
           8       0.84      0.04      0.08      1059
           9       1.00      0.99      0.99       277

    accuracy                           0.61     12831
   macro avg       0.80      0.70      0.63     12831
weighted avg       0.82      0.61      0.60     12831

------------------------------

 --- 13.399164915084839 seconds --- 

Training set shape:  (29945, 19)
Testing set shape:  (12831, 19)
Report for Classifier: 

Training set score for SVM: 0.894239
Testing  set score for SVM: 0.850284
Train Kappa score for SVM: 0.858584
Test Kappa score for SVM: 0.797122


[[1707    4   95    0    0   15    7   78    0]
 [   6 5510    1   15    0  180    0    2    0]
 [  20    0  577    0    0    1    1   49    0]
 [   0  131    0  759    0    9    0    0    0]
 [   4    0    0    0  425    0    1    0    0]
 [  36  412    0    2    0 1068    0    5    0]
 [ 265    1    2    0    0    4   85   18    0]
 [ 122    5  395    0    0   28    2  507    0]
 [   5    0    0    0    0    0    0    0  272]]


              precision    recall  f1-score   support

           1       0.79      0.90      0.84      1906
           2       0.91      0.96      0.94      5714
           3       0.54      0.89      0.67       648
           4       0.98      0.84      0.91       899
           5       1.00      0.99      0.99       430
           6       0.82      0.70      0.76      1523
           7       0.89      0.23      0.36       375
           8       0.77      0.48      0.59      1059
           9       1.00      0.98      0.99       277

    accuracy                           0.85     12831
   macro avg       0.85      0.77      0.78     12831
weighted avg       0.86      0.85      0.84     12831

-------------------------------------------------------------
|   Bands |   C | Gamma   | Kernel   |   Train_Score |   Test_Score |   Train_Kappa |   Test_Kappa |   DR_Train_Score |   DR_Test_Score |   DR_Train_Kappa |   DR_Test_Kappa |
|---------|-----|---------|----------|---------------|--------------|---------------|--------------|------------------|-----------------|------------------|-----------------|
|      19 |   1 | 0.1     | rbf      |      0.846018 |     0.839062 |      0.78952  |     0.780147 |         0.755953 |        0.766815 |         0.660194 |        0.670075 |
|      19 |   1 | 0.05    | rbf      |      0.814059 |     0.826046 |      0.744023 |     0.758641 |         0.741426 |        0.746707 |         0.639674 |        0.640974 |
|      19 |   1 | 0.005   | rbf      |      0.730539 |     0.740005 |      0.624595 |     0.632771 |         0.6365   |        0.641182 |         0.467114 |        0.467386 |
|      19 |   1 | scale   | rbf      |      0.876707 |     0.854571 |      0.832717 |     0.80511  |         0.836868 |        0.818564 |         0.777254 |        0.74894  |
|      19 |   5 | 0.1     | rbf      |      0.900818 |     0.808121 |      0.866519 |     0.75292  |         0.811555 |        0.801964 |         0.740819 |        0.724455 |
|      19 |   5 | 0.05    | rbf      |      0.882752 |     0.829709 |      0.841232 |     0.775625 |         0.788913 |        0.792768 |         0.70796  |        0.709683 |
|      19 |   5 | 0.005   | rbf      |      0.777926 |     0.778038 |      0.693011 |     0.689965 |         0.720387 |        0.725976 |         0.608077 |        0.608797 |
|      19 |   5 | scale   | rbf      |      0.91087  |     0.785286 |      0.880536 |     0.726672 |         0.86896  |        0.840465 |         0.823267 |        0.781712 |
|      19 |  50 | 0.1     | rbf      |      0.923927 |     0.658717 |      0.898601 |     0.582861 |         0.851995 |        0.829553 |         0.799362 |        0.766125 |
|      19 |  50 | 0.05    | rbf      |      0.915746 |     0.693165 |      0.887407 |     0.621878 |         0.835064 |        0.817785 |         0.775054 |        0.749142 |
|      19 |  50 | 0.005   | rbf      |      0.871331 |     0.818564 |      0.825354 |     0.758306 |         0.786041 |        0.790741 |         0.70441  |        0.707443 |
|      19 |  50 | scale   | rbf      |      0.928703 |     0.653807 |      0.905107 |     0.576087 |         0.888863 |        0.849583 |         0.851221 |        0.79575  |
|      19 | 100 | 0.1     | rbf      |      0.927968 |     0.626218 |      0.904113 |     0.547325 |         0.859008 |        0.834619 |         0.809413 |        0.773476 |
|      19 | 100 | 0.05    | rbf      |      0.91992  |     0.647962 |      0.893158 |     0.571497 |         0.84742  |        0.825812 |         0.792837 |        0.760886 |
|      19 | 100 | 0.005   | rbf      |      0.88549  |     0.786221 |      0.845227 |     0.723191 |         0.805911 |        0.79495  |         0.733005 |        0.715035 |
|      19 | 100 | scale   | rbf      |      0.93271  |     0.614683 |      0.910551 |     0.53507  |         0.894239 |        0.850284 |         0.858584 |        0.797122 |
