-------------------------------------------------------------

 --- 56.50935435295105 seconds --- 

Training set shape:  (29945, 103)
Testing set shape:  (12831, 103)
Report for Classifier: 

Training set score for SVM: 0.846018
Testing  set score for SVM: 0.839062
Train Kappa score for SVM: 0.789520
Test Kappa score for SVM: 0.780147


[[1809    7   17    0    0    7    0   66    0]
 [  15 5475    0    7    0  216    0    1    0]
 [ 134    2  385    0    0    2    0  125    0]
 [   0  188    0  696    0   15    0    0    0]
 [   6    0    0    0  424    0    0    0    0]
 [  29  467   28    0    0  970    0   29    0]
 [ 347    2    1    0    0    0   23    2    0]
 [ 226    3   98    0    0   16    0  716    0]
 [   6    1    1    0    1    0    0    0  268]]


              precision    recall  f1-score   support

           1       0.70      0.95      0.81      1906
           2       0.89      0.96      0.92      5714
           3       0.73      0.59      0.65       648
           4       0.99      0.77      0.87       899
           5       1.00      0.99      0.99       430
           6       0.79      0.64      0.71      1523
           7       1.00      0.06      0.12       375
           8       0.76      0.68      0.72      1059
           9       1.00      0.97      0.98       277

    accuracy                           0.84     12831
   macro avg       0.87      0.73      0.75     12831
weighted avg       0.85      0.84      0.83     12831

------------------------------

 --- 14.580089330673218 seconds --- 

Training set shape:  (29945, 22)
Testing set shape:  (12831, 22)
Report for Classifier: 

Training set score for SVM: 0.940324
Testing  set score for SVM: 0.946692
Train Kappa score for SVM: 0.920125
Test Kappa score for SVM: 0.927940


[[1899    0    0    0    1    0    0    6    0]
 [   0 5709    0    0    0    5    0    0    0]
 [  21    6  618    0    0    2    0    1    0]
 [   1    0    0  897    0    1    0    0    0]
 [   5    0    0    0  425    0    0    0    0]
 [  22  198    8    0    0 1295    0    0    0]
 [ 373    1    0    0    0    1    0    0    0]
 [  17    0    0    0    0    0    0 1042    0]
 [  15    0    0    0    0    0    0    0  262]]


              precision    recall  f1-score   support

           1       0.81      1.00      0.89      1906
           2       0.97      1.00      0.98      5714
           3       0.99      0.95      0.97       648
           4       1.00      1.00      1.00       899
           5       1.00      0.99      0.99       430
           6       0.99      0.85      0.92      1523
           7       0.00      0.00      0.00       375
           8       0.99      0.98      0.99      1059
           9       1.00      0.95      0.97       277

    accuracy                           0.95     12831
   macro avg       0.86      0.86      0.86     12831
weighted avg       0.92      0.95      0.93     12831

-------------------------------------------------------------
-------------------------------------------------------------

 --- 65.42182803153992 seconds --- 

Training set shape:  (29945, 103)
Testing set shape:  (12831, 103)
Report for Classifier: 

Training set score for SVM: 0.814059
Testing  set score for SVM: 0.826046
Train Kappa score for SVM: 0.744023
Test Kappa score for SVM: 0.758641


[[1724   13   33    0    0    4    0  132    0]
 [   7 5624    0    9    0   73    0    1    0]
 [  48    4  365    0    0    0    0  231    0]
 [   0  250    0  642    0    7    0    0    0]
 [   6    0    0    0  424    0    0    0    0]
 [  20  736   49    1    0  669    0   48    0]
 [ 367    2    0    0    0    0    0    6    0]
 [ 104    4   51    0    0   16    0  884    0]
 [   6    2    1    0    1    0    0    0  267]]


              precision    recall  f1-score   support

           1       0.76      0.90      0.82      1906
           2       0.85      0.98      0.91      5714
           3       0.73      0.56      0.64       648
           4       0.98      0.71      0.83       899
           5       1.00      0.99      0.99       430
           6       0.87      0.44      0.58      1523
           7       0.00      0.00      0.00       375
           8       0.68      0.83      0.75      1059
           9       1.00      0.96      0.98       277

    accuracy                           0.83     12831
   macro avg       0.76      0.71      0.72     12831
weighted avg       0.81      0.83      0.80     12831

------------------------------

 --- 18.587509632110596 seconds --- 

Training set shape:  (29945, 22)
Testing set shape:  (12831, 22)
Report for Classifier: 

Training set score for SVM: 0.931541
Testing  set score for SVM: 0.935313
Train Kappa score for SVM: 0.908184
Test Kappa score for SVM: 0.912259


[[1899    0    0    0    3    0    0    4    0]
 [   0 5712    0    0    0    2    0    0    0]
 [  30    4  611    0    0    2    0    1    0]
 [   1    0    0  897    0    1    0    0    0]
 [   6    0    0    0  424    0    0    0    0]
 [  26  283   11    0    0 1203    0    0    0]
 [ 373    2    0    0    0    0    0    0    0]
 [  65    0    0    0    0    0    0  994    0]
 [  16    0    0    0    0    0    0    0  261]]


              precision    recall  f1-score   support

           1       0.79      1.00      0.88      1906
           2       0.95      1.00      0.98      5714
           3       0.98      0.94      0.96       648
           4       1.00      1.00      1.00       899
           5       0.99      0.99      0.99       430
           6       1.00      0.79      0.88      1523
           7       0.00      0.00      0.00       375
           8       0.99      0.94      0.97      1059
           9       1.00      0.94      0.97       277

    accuracy                           0.94     12831
   macro avg       0.86      0.84      0.85     12831
weighted avg       0.92      0.94      0.92     12831

-------------------------------------------------------------
-------------------------------------------------------------

 --- 88.46936392784119 seconds --- 

Training set shape:  (29945, 103)
Testing set shape:  (12831, 103)
Report for Classifier: 

Training set score for SVM: 0.730539
Testing  set score for SVM: 0.740005
Train Kappa score for SVM: 0.624595
Test Kappa score for SVM: 0.632771


[[1656   17    0    0    4    1    0  228    0]
 [  10 5567    0   58    0   78    0    1    0]
 [  64    4    0    0    0    0    0  580    0]
 [   0  336    0  562    0    1    0    0    0]
 [   8    0    0    0  422    0    0    0    0]
 [  21 1155    0    0    1  148    0  198    0]
 [ 358    2    0    0    0    0    0   15    0]
 [ 163    7    0    0    0    7    0  882    0]
 [  11    3    0    2    3    0    0    0  258]]


              precision    recall  f1-score   support

           1       0.72      0.87      0.79      1906
           2       0.79      0.97      0.87      5714
           3       0.00      0.00      0.00       648
           4       0.90      0.63      0.74       899
           5       0.98      0.98      0.98       430
           6       0.63      0.10      0.17      1523
           7       0.00      0.00      0.00       375
           8       0.46      0.83      0.60      1059
           9       1.00      0.93      0.96       277

    accuracy                           0.74     12831
   macro avg       0.61      0.59      0.57     12831
weighted avg       0.69      0.74      0.68     12831

------------------------------

 --- 33.47287154197693 seconds --- 

Training set shape:  (29945, 22)
Testing set shape:  (12831, 22)
Report for Classifier: 

Training set score for SVM: 0.706195
Testing  set score for SVM: 0.711090
Train Kappa score for SVM: 0.585258
Test Kappa score for SVM: 0.586614


[[1900    0    0    0    6    0    0    0    0]
 [  44 5670    0    0    0    0    0    0    0]
 [ 640    8    0    0    0    0    0    0    0]
 [   0    2    0  897    0    0    0    0    0]
 [   5    0    0    0  425    0    0    0    0]
 [ 103 1420    0    0    0    0    0    0    0]
 [ 375    0    0    0    0    0    0    0    0]
 [1059    0    0    0    0    0    0    0    0]
 [  44    0    0    0    1    0    0    0  232]]


              precision    recall  f1-score   support

           1       0.46      1.00      0.63      1906
           2       0.80      0.99      0.88      5714
           3       0.00      0.00      0.00       648
           4       1.00      1.00      1.00       899
           5       0.98      0.99      0.99       430
           6       0.00      0.00      0.00      1523
           7       0.00      0.00      0.00       375
           8       0.00      0.00      0.00      1059
           9       1.00      0.84      0.91       277

    accuracy                           0.71     12831
   macro avg       0.47      0.53      0.49     12831
weighted avg       0.55      0.71      0.61     12831

-------------------------------------------------------------
-------------------------------------------------------------

 --- 50.842270851135254 seconds --- 

Training set shape:  (29945, 103)
Testing set shape:  (12831, 103)
Report for Classifier: 

Training set score for SVM: 0.876707
Testing  set score for SVM: 0.854571
Train Kappa score for SVM: 0.832717
Test Kappa score for SVM: 0.805110


[[1825    5   12    0    0   10    9   45    0]
 [  18 5239    0    8    0  447    0    2    0]
 [ 127    1  400    0    0    3    0  117    0]
 [   0  140    0  744    0   15    0    0    0]
 [   5    0    0    0  424    1    0    0    0]
 [  38  270   21    0    0 1177    0   17    0]
 [ 135    0    0    0    0    0  239    1    0]
 [ 289    3  105    0    0   16    0  646    0]
 [   4    1    1    0    0    0    0    0  271]]


              precision    recall  f1-score   support

           1       0.75      0.96      0.84      1906
           2       0.93      0.92      0.92      5714
           3       0.74      0.62      0.67       648
           4       0.99      0.83      0.90       899
           5       1.00      0.99      0.99       430
           6       0.71      0.77      0.74      1523
           7       0.96      0.64      0.77       375
           8       0.78      0.61      0.68      1059
           9       1.00      0.98      0.99       277

    accuracy                           0.85     12831
   macro avg       0.87      0.81      0.83     12831
weighted avg       0.86      0.85      0.85     12831

------------------------------

 --- 6.3184661865234375 seconds --- 

Training set shape:  (29945, 22)
Testing set shape:  (12831, 22)
Report for Classifier: 

Training set score for SVM: 0.968375
Testing  set score for SVM: 0.970306
Train Kappa score for SVM: 0.957995
Test Kappa score for SVM: 0.960190


[[1900    0    0    0    0    0    2    4    0]
 [   0 5693    0    0    0   21    0    0    0]
 [   9    4  634    0    0    1    0    0    0]
 [   0    1    0  898    0    0    0    0    0]
 [   3    0    0    0  427    0    0    0    0]
 [  19   28    0    0    0 1475    1    0    0]
 [ 224    2    0    0    0    1  148    0    0]
 [  55    0    0    0    0    0    0 1004    0]
 [   6    0    0    0    0    0    0    0  271]]


              precision    recall  f1-score   support

           1       0.86      1.00      0.92      1906
           2       0.99      1.00      1.00      5714
           3       1.00      0.98      0.99       648
           4       1.00      1.00      1.00       899
           5       1.00      0.99      1.00       430
           6       0.98      0.97      0.98      1523
           7       0.98      0.39      0.56       375
           8       1.00      0.95      0.97      1059
           9       1.00      0.98      0.99       277

    accuracy                           0.97     12831
   macro avg       0.98      0.92      0.93     12831
weighted avg       0.97      0.97      0.97     12831

-------------------------------------------------------------
-------------------------------------------------------------

 --- 42.859803438186646 seconds --- 

Training set shape:  (29945, 103)
Testing set shape:  (12831, 103)
Report for Classifier: 

Training set score for SVM: 0.900818
Testing  set score for SVM: 0.808121
Train Kappa score for SVM: 0.866519
Test Kappa score for SVM: 0.752920


[[1818    1   13    0    0   12   35   27    0]
 [  20 4329    1   14    0 1348    0    2    0]
 [  82    1  469    0    0    3    0   93    0]
 [   0   86    0  797    0   16    0    0    0]
 [   3    0    0    0  425    2    0    0    0]
 [  25   80    0    0    0 1415    0    3    0]
 [  82    0    0    0    0    1  291    1    0]
 [ 349    2  121    0    0   34    0  553    0]
 [   4    0    1    0    0    0    0    0  272]]


              precision    recall  f1-score   support

           1       0.76      0.95      0.85      1906
           2       0.96      0.76      0.85      5714
           3       0.78      0.72      0.75       648
           4       0.98      0.89      0.93       899
           5       1.00      0.99      0.99       430
           6       0.50      0.93      0.65      1523
           7       0.89      0.78      0.83       375
           8       0.81      0.52      0.64      1059
           9       1.00      0.98      0.99       277

    accuracy                           0.81     12831
   macro avg       0.85      0.84      0.83     12831
weighted avg       0.86      0.81      0.82     12831

------------------------------

 --- 7.484944820404053 seconds --- 

Training set shape:  (29945, 22)
Testing set shape:  (12831, 22)
Report for Classifier: 

Training set score for SVM: 0.957255
Testing  set score for SVM: 0.958850
Train Kappa score for SVM: 0.943144
Test Kappa score for SVM: 0.944730


[[1901    0    0    0    0    0    0    5    0]
 [   0 5689    0    0    0   25    0    0    0]
 [   8    6  633    0    0    1    0    0    0]
 [   0    1    0  898    0    0    0    0    0]
 [   3    0    0    0  427    0    0    0    0]
 [  20   28    0    0    0 1475    0    0    0]
 [ 366    3    0    0    0    0    6    0    0]
 [  51    0    0    0    0    0    0 1008    0]
 [  11    0    0    0    0    0    0    0  266]]


              precision    recall  f1-score   support

           1       0.81      1.00      0.89      1906
           2       0.99      1.00      0.99      5714
           3       1.00      0.98      0.99       648
           4       1.00      1.00      1.00       899
           5       1.00      0.99      1.00       430
           6       0.98      0.97      0.98      1523
           7       1.00      0.02      0.03       375
           8       1.00      0.95      0.97      1059
           9       1.00      0.96      0.98       277

    accuracy                           0.96     12831
   macro avg       0.98      0.87      0.87     12831
weighted avg       0.97      0.96      0.95     12831

-------------------------------------------------------------
-------------------------------------------------------------

 --- 50.151429653167725 seconds --- 

Training set shape:  (29945, 103)
Testing set shape:  (12831, 103)
Report for Classifier: 

Training set score for SVM: 0.882752
Testing  set score for SVM: 0.829709
Train Kappa score for SVM: 0.841232
Test Kappa score for SVM: 0.775625


[[1825    2   13    0    0   12   20   34    0]
 [  29 4826    1   10    0  846    0    2    0]
 [ 143    1  415    0    0    3    0   86    0]
 [   0  120    0  763    0   16    0    0    0]
 [   5    0    0    0  424    1    0    0    0]
 [  32  208    6    0    0 1263    0   14    0]
 [  91    0    0    0    0    0  283    1    0]
 [ 359    2  101    0    0   21    0  576    0]
 [   5    0    1    0    0    0    0    0  271]]


              precision    recall  f1-score   support

           1       0.73      0.96      0.83      1906
           2       0.94      0.84      0.89      5714
           3       0.77      0.64      0.70       648
           4       0.99      0.85      0.91       899
           5       1.00      0.99      0.99       430
           6       0.58      0.83      0.69      1523
           7       0.93      0.75      0.83       375
           8       0.81      0.54      0.65      1059
           9       1.00      0.98      0.99       277

    accuracy                           0.83     12831
   macro avg       0.86      0.82      0.83     12831
weighted avg       0.85      0.83      0.83     12831

------------------------------

 --- 9.903404235839844 seconds --- 

Training set shape:  (29945, 22)
Testing set shape:  (12831, 22)
Report for Classifier: 

Training set score for SVM: 0.951979
Testing  set score for SVM: 0.956356
Train Kappa score for SVM: 0.936068
Test Kappa score for SVM: 0.941312


[[1900    0    0    0    0    0    0    6    0]
 [   0 5688    0    0    0   26    0    0    0]
 [  12    6  629    0    0    1    0    0    0]
 [   0    0    0  898    0    1    0    0    0]
 [   5    0    0    0  425    0    0    0    0]
 [  21   66    0    0    0 1436    0    0    0]
 [ 373    1    0    0    0    1    0    0    0]
 [  29    0    0    0    0    0    0 1030    0]
 [  12    0    0    0    0    0    0    0  265]]


              precision    recall  f1-score   support

           1       0.81      1.00      0.89      1906
           2       0.99      1.00      0.99      5714
           3       1.00      0.97      0.99       648
           4       1.00      1.00      1.00       899
           5       1.00      0.99      0.99       430
           6       0.98      0.94      0.96      1523
           7       0.00      0.00      0.00       375
           8       0.99      0.97      0.98      1059
           9       1.00      0.96      0.98       277

    accuracy                           0.96     12831
   macro avg       0.86      0.87      0.86     12831
weighted avg       0.93      0.96      0.94     12831

-------------------------------------------------------------
-------------------------------------------------------------

 --- 76.4673798084259 seconds --- 

Training set shape:  (29945, 103)
Testing set shape:  (12831, 103)
Report for Classifier: 

Training set score for SVM: 0.777926
Testing  set score for SVM: 0.778038
Train Kappa score for SVM: 0.693011
Test Kappa score for SVM: 0.689965


[[1626   15   21    0    0    5    0  238    1]
 [   5 5590    0   13    0  104    0    2    0]
 [  26    4   20    0    0    0    1  597    0]
 [   0  290    0  605    0    4    0    0    0]
 [   6    0    0    0  424    0    0    0    0]
 [  20  910    8    0    0  454    0  131    0]
 [ 355    2    0    0    0    0    0   18    0]
 [  41    5    0    0    0   13    0 1000    0]
 [   8    2    0    1    1    0    0    1  264]]


              precision    recall  f1-score   support

           1       0.78      0.85      0.81      1906
           2       0.82      0.98      0.89      5714
           3       0.41      0.03      0.06       648
           4       0.98      0.67      0.80       899
           5       1.00      0.99      0.99       430
           6       0.78      0.30      0.43      1523
           7       0.00      0.00      0.00       375
           8       0.50      0.94      0.66      1059
           9       1.00      0.95      0.97       277

    accuracy                           0.78     12831
   macro avg       0.70      0.64      0.62     12831
weighted avg       0.76      0.78      0.74     12831

------------------------------

 --- 23.381829977035522 seconds --- 

Training set shape:  (29945, 22)
Testing set shape:  (12831, 22)
Report for Classifier: 

Training set score for SVM: 0.881716
Testing  set score for SVM: 0.861975
Train Kappa score for SVM: 0.840449
Test Kappa score for SVM: 0.811371


[[1903    0    0    0    3    0    0    0    0]
 [   0 5694   19    0    0    1    0    0    0]
 [  47    0  597    0    0    4    0    0    0]
 [   1    0    0  897    0    1    0    0    0]
 [   6    0    0    0  424    0    0    0    0]
 [  25  377   64    0    0 1057    0    0    0]
 [ 373    1    1    0    0    0    0    0    0]
 [ 827    0    0    0    0    0    0  232    0]
 [  21    0    0    0    0    0    0    0  256]]


              precision    recall  f1-score   support

           1       0.59      1.00      0.74      1906
           2       0.94      1.00      0.97      5714
           3       0.88      0.92      0.90       648
           4       1.00      1.00      1.00       899
           5       0.99      0.99      0.99       430
           6       0.99      0.69      0.82      1523
           7       0.00      0.00      0.00       375
           8       1.00      0.22      0.36      1059
           9       1.00      0.92      0.96       277

    accuracy                           0.86     12831
   macro avg       0.82      0.75      0.75     12831
weighted avg       0.88      0.86      0.84     12831

-------------------------------------------------------------
-------------------------------------------------------------

 --- 41.020203828811646 seconds --- 

Training set shape:  (29945, 103)
Testing set shape:  (12831, 103)
Report for Classifier: 

Training set score for SVM: 0.910870
Testing  set score for SVM: 0.785286
Train Kappa score for SVM: 0.880536
Test Kappa score for SVM: 0.726672


[[1827    0   20    0    0   12   21   26    0]
 [  12 4036    2   20    0 1641    0    3    0]
 [  69    2  475    0    0    4    0   98    0]
 [   0   60    0  823    0   16    0    0    0]
 [   3    0    0    0  426    1    0    0    0]
 [  20   42    0    0    0 1459    0    2    0]
 [ 112    0    0    0    0    1  262    0    0]
 [ 344    1  143    0    0   77    0  494    0]
 [   3    0    0    0    0    0    0    0  274]]


              precision    recall  f1-score   support

           1       0.76      0.96      0.85      1906
           2       0.97      0.71      0.82      5714
           3       0.74      0.73      0.74       648
           4       0.98      0.92      0.94       899
           5       1.00      0.99      1.00       430
           6       0.45      0.96      0.62      1523
           7       0.93      0.70      0.80       375
           8       0.79      0.47      0.59      1059
           9       1.00      0.99      0.99       277

    accuracy                           0.79     12831
   macro avg       0.85      0.82      0.82     12831
weighted avg       0.86      0.79      0.79     12831

------------------------------

 --- 3.348007917404175 seconds --- 

Training set shape:  (29945, 22)
Testing set shape:  (12831, 22)
Report for Classifier: 

Training set score for SVM: 0.984004
Testing  set score for SVM: 0.977788
Train Kappa score for SVM: 0.978825
Test Kappa score for SVM: 0.970287


[[1850    0    0    0    0    0   52    4    0]
 [   0 5710    0    0    0    4    0    0    0]
 [   7    1  600    0    0   40    0    0    0]
 [   0    1    0  898    0    0    0    0    0]
 [   2    0    0    0  428    0    0    0    0]
 [  11   24    0    0    0 1487    1    0    0]
 [  86    1    0    0    0    0  288    0    0]
 [  25    0    0    0    0    0   22 1012    0]
 [   4    0    0    0    0    0    0    0  273]]


              precision    recall  f1-score   support

           1       0.93      0.97      0.95      1906
           2       1.00      1.00      1.00      5714
           3       1.00      0.93      0.96       648
           4       1.00      1.00      1.00       899
           5       1.00      1.00      1.00       430
           6       0.97      0.98      0.97      1523
           7       0.79      0.77      0.78       375
           8       1.00      0.96      0.98      1059
           9       1.00      0.99      0.99       277

    accuracy                           0.98     12831
   macro avg       0.97      0.95      0.96     12831
weighted avg       0.98      0.98      0.98     12831

-------------------------------------------------------------
-------------------------------------------------------------

 --- 33.42388582229614 seconds --- 

Training set shape:  (29945, 103)
Testing set shape:  (12831, 103)
Report for Classifier: 

Training set score for SVM: 0.923927
Testing  set score for SVM: 0.658717
Train Kappa score for SVM: 0.898601
Test Kappa score for SVM: 0.582861


[[1785    0   88    0    0   21    0   12    0]
 [  27 2833    2   69    0 2780    0    3    0]
 [  47    0  568    0    0   13    0   20    0]
 [   0   11    0  871    0   17    0    0    0]
 [   1    0    0    0  426    3    0    0    0]
 [  18    9    0    2    0 1494    0    0    0]
 [ 267    0    0    0    0    1  107    0    0]
 [ 310    1  403    0    0  248    1   96    0]
 [   4    0    0    1    0    0    0    0  272]]


              precision    recall  f1-score   support

           1       0.73      0.94      0.82      1906
           2       0.99      0.50      0.66      5714
           3       0.54      0.88      0.66       648
           4       0.92      0.97      0.95       899
           5       1.00      0.99      1.00       430
           6       0.33      0.98      0.49      1523
           7       0.99      0.29      0.44       375
           8       0.73      0.09      0.16      1059
           9       1.00      0.98      0.99       277

    accuracy                           0.66     12831
   macro avg       0.80      0.73      0.69     12831
weighted avg       0.82      0.66      0.65     12831

------------------------------

 --- 3.352957010269165 seconds --- 

Training set shape:  (29945, 22)
Testing set shape:  (12831, 22)
Report for Classifier: 

Training set score for SVM: 0.983002
Testing  set score for SVM: 0.974047
Train Kappa score for SVM: 0.977497
Test Kappa score for SVM: 0.965247


[[1866    0    0    0    0    0   35    5    0]
 [   0 5712    0    0    0    2    0    0    0]
 [   4    0  575    0    0   69    0    0    0]
 [   0    0    1  898    0    0    0    0    0]
 [   2    0    0    0  428    0    0    0    0]
 [  11   31    0    0    0 1480    1    0    0]
 [ 109    1    0    0    0    0  265    0    0]
 [  41    0    0    0    0    0   18 1000    0]
 [   3    0    0    0    0    0    0    0  274]]


              precision    recall  f1-score   support

           1       0.92      0.98      0.95      1906
           2       0.99      1.00      1.00      5714
           3       1.00      0.89      0.94       648
           4       1.00      1.00      1.00       899
           5       1.00      1.00      1.00       430
           6       0.95      0.97      0.96      1523
           7       0.83      0.71      0.76       375
           8       1.00      0.94      0.97      1059
           9       1.00      0.99      0.99       277

    accuracy                           0.97     12831
   macro avg       0.97      0.94      0.95     12831
weighted avg       0.97      0.97      0.97     12831

-------------------------------------------------------------
-------------------------------------------------------------

 --- 36.66319966316223 seconds --- 

Training set shape:  (29945, 103)
Testing set shape:  (12831, 103)
Report for Classifier: 

Training set score for SVM: 0.915746
Testing  set score for SVM: 0.693165
Train Kappa score for SVM: 0.887407
Test Kappa score for SVM: 0.621878


[[1824    0   46    0    0   18    5   13    0]
 [  53 3084    3   52    0 2520    0    2    0]
 [  57    0  538    0    0    4    0   49    0]
 [   0   29    0  852    0   18    0    0    0]
 [   2    0    0    0  426    2    0    0    0]
 [  17   15    0    1    0 1490    0    0    0]
 [ 183    0    0    0    0    1  191    0    0]
 [ 316    1  364    0    0  161    0  217    0]
 [   4    0    0    1    0    0    0    0  272]]


              precision    recall  f1-score   support

           1       0.74      0.96      0.84      1906
           2       0.99      0.54      0.70      5714
           3       0.57      0.83      0.67       648
           4       0.94      0.95      0.94       899
           5       1.00      0.99      1.00       430
           6       0.35      0.98      0.52      1523
           7       0.97      0.51      0.67       375
           8       0.77      0.20      0.32      1059
           9       1.00      0.98      0.99       277

    accuracy                           0.69     12831
   macro avg       0.81      0.77      0.74     12831
weighted avg       0.83      0.69      0.70     12831

------------------------------

 --- 4.304265260696411 seconds --- 

Training set shape:  (29945, 22)
Testing set shape:  (12831, 22)
Report for Classifier: 

Training set score for SVM: 0.977492
Testing  set score for SVM: 0.976152
Train Kappa score for SVM: 0.970172
Test Kappa score for SVM: 0.968068


[[1861    0    0    0    0    0   41    4    0]
 [   0 5709    0    0    0    5    0    0    0]
 [   7    2  625    0    0   14    0    0    0]
 [   0    1    0  898    0    0    0    0    0]
 [   3    0    0    0  427    0    0    0    0]
 [  12   31    0    0    0 1479    1    0    0]
 [ 120    2    0    0    0    0  253    0    0]
 [  49    0    0    0    0    0    9 1001    0]
 [   5    0    0    0    0    0    0    0  272]]


              precision    recall  f1-score   support

           1       0.90      0.98      0.94      1906
           2       0.99      1.00      1.00      5714
           3       1.00      0.96      0.98       648
           4       1.00      1.00      1.00       899
           5       1.00      0.99      1.00       430
           6       0.99      0.97      0.98      1523
           7       0.83      0.67      0.75       375
           8       1.00      0.95      0.97      1059
           9       1.00      0.98      0.99       277

    accuracy                           0.98     12831
   macro avg       0.97      0.94      0.96     12831
weighted avg       0.98      0.98      0.98     12831

-------------------------------------------------------------
-------------------------------------------------------------

 --- 52.05710244178772 seconds --- 

Training set shape:  (29945, 103)
Testing set shape:  (12831, 103)
Report for Classifier: 

Training set score for SVM: 0.871331
Testing  set score for SVM: 0.818564
Train Kappa score for SVM: 0.825354
Test Kappa score for SVM: 0.758306


[[1835    3   13    0    0   12    6   37    0]
 [  50 4959    3   17    0  681    0    4    0]
 [ 175    3  392    0    0    0    0   78    0]
 [   0  131    0  756    0   12    0    0    0]
 [   5    0    0    0  425    0    0    0    0]
 [  32  317    5    2    0 1151    0   16    0]
 [ 227    0    0    0    0    1  146    1    0]
 [ 377    2   92    0    0   20    0  568    0]
 [   4    1    1    0    0    0    0    0  271]]


              precision    recall  f1-score   support

           1       0.68      0.96      0.80      1906
           2       0.92      0.87      0.89      5714
           3       0.77      0.60      0.68       648
           4       0.98      0.84      0.90       899
           5       1.00      0.99      0.99       430
           6       0.61      0.76      0.68      1523
           7       0.96      0.39      0.55       375
           8       0.81      0.54      0.64      1059
           9       1.00      0.98      0.99       277

    accuracy                           0.82     12831
   macro avg       0.86      0.77      0.79     12831
weighted avg       0.84      0.82      0.82     12831

------------------------------

 --- 9.987860679626465 seconds --- 

Training set shape:  (29945, 22)
Testing set shape:  (12831, 22)
Report for Classifier: 

Training set score for SVM: 0.951311
Testing  set score for SVM: 0.955343
Train Kappa score for SVM: 0.935130
Test Kappa score for SVM: 0.939875


[[1899    0    0    0    0    0    0    7    0]
 [   0 5701    0    0    0   13    0    0    0]
 [  12    6  629    0    0    1    0    0    0]
 [   0    0    0  898    0    1    0    0    0]
 [   5    0    0    0  425    0    0    0    0]
 [  21   89    0    0    0 1413    0    0    0]
 [ 373    1    0    0    0    1    0    0    0]
 [  29    0    0    0    0    0    0 1030    0]
 [  14    0    0    0    0    0    0    0  263]]


              precision    recall  f1-score   support

           1       0.81      1.00      0.89      1906
           2       0.98      1.00      0.99      5714
           3       1.00      0.97      0.99       648
           4       1.00      1.00      1.00       899
           5       1.00      0.99      0.99       430
           6       0.99      0.93      0.96      1523
           7       0.00      0.00      0.00       375
           8       0.99      0.97      0.98      1059
           9       1.00      0.95      0.97       277

    accuracy                           0.96     12831
   macro avg       0.86      0.87      0.86     12831
weighted avg       0.93      0.96      0.94     12831

-------------------------------------------------------------
-------------------------------------------------------------

 --- 28.48180341720581 seconds --- 

Training set shape:  (29945, 103)
Testing set shape:  (12831, 103)
Report for Classifier: 

Training set score for SVM: 0.928703
Testing  set score for SVM: 0.653807
Train Kappa score for SVM: 0.905107
Test Kappa score for SVM: 0.576087


[[1770    0  110    0    0   19    0    7    0]
 [  19 2860    2   63    0 2767    0    3    0]
 [  69    0  563    0    0    9    0    7    0]
 [   1   14    0  871    0   13    0    0    0]
 [   2    0    0    0  426    2    0    0    0]
 [  14   10    0    2    0 1497    0    0    0]
 [ 307    0    0    0    0    1   67    0    0]
 [ 397    4  405    0    0  190    1   62    0]
 [   3    0    0    1    0    0    0    0  273]]


              precision    recall  f1-score   support

           1       0.69      0.93      0.79      1906
           2       0.99      0.50      0.66      5714
           3       0.52      0.87      0.65       648
           4       0.93      0.97      0.95       899
           5       1.00      0.99      1.00       430
           6       0.33      0.98      0.50      1523
           7       0.99      0.18      0.30       375
           8       0.78      0.06      0.11      1059
           9       1.00      0.99      0.99       277

    accuracy                           0.65     12831
   macro avg       0.80      0.72      0.66     12831
weighted avg       0.82      0.65      0.64     12831

------------------------------

 --- 1.8009979724884033 seconds --- 

Training set shape:  (29945, 22)
Testing set shape:  (12831, 22)
Report for Classifier: 

Training set score for SVM: 0.990816
Testing  set score for SVM: 0.967345
Train Kappa score for SVM: 0.987860
Test Kappa score for SVM: 0.956226


[[1895    0    0    0    0    0    8    3    0]
 [   0 5712    0    0    0    2    0    0    0]
 [   6    6  558    0    0   78    0    0    0]
 [   0    0    0  899    0    0    0    0    0]
 [   2    0    0    0  428    0    0    0    0]
 [   4   26    0    0    0 1493    0    0    0]
 [ 145    0    0    0    0    0  230    0    0]
 [  87    0    0    0    0    1   48  923    0]
 [   3    0    0    0    0    0    0    0  274]]


              precision    recall  f1-score   support

           1       0.88      0.99      0.94      1906
           2       0.99      1.00      1.00      5714
           3       1.00      0.86      0.93       648
           4       1.00      1.00      1.00       899
           5       1.00      1.00      1.00       430
           6       0.95      0.98      0.96      1523
           7       0.80      0.61      0.70       375
           8       1.00      0.87      0.93      1059
           9       1.00      0.99      0.99       277

    accuracy                           0.97     12831
   macro avg       0.96      0.92      0.94     12831
weighted avg       0.97      0.97      0.97     12831

-------------------------------------------------------------
-------------------------------------------------------------

 --- 28.487424850463867 seconds --- 

Training set shape:  (29945, 103)
Testing set shape:  (12831, 103)
Report for Classifier: 

Training set score for SVM: 0.927968
Testing  set score for SVM: 0.626218
Train Kappa score for SVM: 0.904113
Test Kappa score for SVM: 0.547325


[[1773    0  103    0    0   27    0    3    0]
 [  32 2509    2   84    0 3086    0    1    0]
 [  72    0  560    0    0   11    0    5    0]
 [   0    8    0  876    0   15    0    0    0]
 [   1    0    0    0  426    3    0    0    0]
 [  10    5    0    2    0 1506    0    0    0]
 [ 309    0    0    0    0    1   65    0    0]
 [ 411    2  386    0    0  211    1   48    0]
 [   4    0    0    1    0    0    0    0  272]]


              precision    recall  f1-score   support

           1       0.68      0.93      0.78      1906
           2       0.99      0.44      0.61      5714
           3       0.53      0.86      0.66       648
           4       0.91      0.97      0.94       899
           5       1.00      0.99      1.00       430
           6       0.31      0.99      0.47      1523
           7       0.98      0.17      0.29       375
           8       0.84      0.05      0.09      1059
           9       1.00      0.98      0.99       277

    accuracy                           0.63     12831
   macro avg       0.81      0.71      0.65     12831
weighted avg       0.82      0.63      0.61     12831

------------------------------

 --- 2.6914732456207275 seconds --- 

Training set shape:  (29945, 22)
Testing set shape:  (12831, 22)
Report for Classifier: 

Training set score for SVM: 0.985473
Testing  set score for SVM: 0.966721
Train Kappa score for SVM: 0.980781
Test Kappa score for SVM: 0.955395


[[1866    0    0    0    0    0   35    5    0]
 [   0 5712    0    0    0    2    0    0    0]
 [   4    5  552    1    0   86    0    0    0]
 [   1    0    0  898    0    0    0    0    0]
 [   2    0    0    0  428    0    0    0    0]
 [   6   45    0    0    0 1471    1    0    0]
 [ 105    1    0    0    0    0  269    0    0]
 [  88    0    0    0    0    0   38  933    0]
 [   2    0    0    0    0    0    0    0  275]]


              precision    recall  f1-score   support

           1       0.90      0.98      0.94      1906
           2       0.99      1.00      1.00      5714
           3       1.00      0.85      0.92       648
           4       1.00      1.00      1.00       899
           5       1.00      1.00      1.00       430
           6       0.94      0.97      0.95      1523
           7       0.78      0.72      0.75       375
           8       0.99      0.88      0.93      1059
           9       1.00      0.99      1.00       277

    accuracy                           0.97     12831
   macro avg       0.96      0.93      0.94     12831
weighted avg       0.97      0.97      0.97     12831

-------------------------------------------------------------
-------------------------------------------------------------

 --- 31.954872846603394 seconds --- 

Training set shape:  (29945, 103)
Testing set shape:  (12831, 103)
Report for Classifier: 

Training set score for SVM: 0.919920
Testing  set score for SVM: 0.647962
Train Kappa score for SVM: 0.893158
Test Kappa score for SVM: 0.571497


[[1792    0   84    0    0   23    0    7    0]
 [  45 2693    3   65    0 2907    0    1    0]
 [  52    0  576    0    0   10    0   10    0]
 [   0   16    0  868    0   15    0    0    0]
 [   1    0    0    0  426    3    0    0    0]
 [  15    9    0    1    0 1498    0    0    0]
 [ 252    0    0    0    0    1  122    0    0]
 [ 338    1  418    0    0  235    1   66    0]
 [   3    0    0    1    0    0    0    0  273]]


              precision    recall  f1-score   support

           1       0.72      0.94      0.81      1906
           2       0.99      0.47      0.64      5714
           3       0.53      0.89      0.67       648
           4       0.93      0.97      0.95       899
           5       1.00      0.99      1.00       430
           6       0.32      0.98      0.48      1523
           7       0.99      0.33      0.49       375
           8       0.79      0.06      0.12      1059
           9       1.00      0.99      0.99       277

    accuracy                           0.65     12831
   macro avg       0.81      0.73      0.68     12831
weighted avg       0.83      0.65      0.64     12831

------------------------------

 --- 3.431943655014038 seconds --- 

Training set shape:  (29945, 22)
Testing set shape:  (12831, 22)
Report for Classifier: 

Training set score for SVM: 0.982267
Testing  set score for SVM: 0.972644
Train Kappa score for SVM: 0.976524
Test Kappa score for SVM: 0.963356


[[1860    0    0    0    0    0   40    6    0]
 [   0 5709    0    0    0    5    0    0    0]
 [   4    2  578    0    0   64    0    0    0]
 [   0    1    0  898    0    0    0    0    0]
 [   2    0    0    0  428    0    0    0    0]
 [  12   45    0    0    0 1465    1    0    0]
 [ 105    1    0    0    0    0  269    0    0]
 [  42    0    0    0    0    0   18  999    0]
 [   3    0    0    0    0    0    0    0  274]]


              precision    recall  f1-score   support

           1       0.92      0.98      0.95      1906
           2       0.99      1.00      1.00      5714
           3       1.00      0.89      0.94       648
           4       1.00      1.00      1.00       899
           5       1.00      1.00      1.00       430
           6       0.96      0.96      0.96      1523
           7       0.82      0.72      0.77       375
           8       0.99      0.94      0.97      1059
           9       1.00      0.99      0.99       277

    accuracy                           0.97     12831
   macro avg       0.96      0.94      0.95     12831
weighted avg       0.97      0.97      0.97     12831

-------------------------------------------------------------
-------------------------------------------------------------

 --- 49.20182466506958 seconds --- 

Training set shape:  (29945, 103)
Testing set shape:  (12831, 103)
Report for Classifier: 

Training set score for SVM: 0.885490
Testing  set score for SVM: 0.786221
Train Kappa score for SVM: 0.845227
Test Kappa score for SVM: 0.723191


[[1851    2   11    0    0   13    9   20    0]
 [  69 4307    2   32    0 1302    0    2    0]
 [ 134    2  438    0    0    0    0   74    0]
 [   0   92    0  792    0   15    0    0    0]
 [   2    0    0    0  425    2    1    0    0]
 [  33  180    0    1    0 1306    0    3    0]
 [ 176    0    0    0    0    1  198    0    0]
 [ 434    2   86    0    0   38    0  499    0]
 [   4    0    1    0    0    0    0    0  272]]


              precision    recall  f1-score   support

           1       0.68      0.97      0.80      1906
           2       0.94      0.75      0.84      5714
           3       0.81      0.68      0.74       648
           4       0.96      0.88      0.92       899
           5       1.00      0.99      0.99       430
           6       0.49      0.86      0.62      1523
           7       0.95      0.53      0.68       375
           8       0.83      0.47      0.60      1059
           9       1.00      0.98      0.99       277

    accuracy                           0.79     12831
   macro avg       0.85      0.79      0.80     12831
weighted avg       0.84      0.79      0.79     12831

------------------------------

 --- 7.6950671672821045 seconds --- 

Training set shape:  (29945, 22)
Testing set shape:  (12831, 22)
Report for Classifier: 

Training set score for SVM: 0.955919
Testing  set score for SVM: 0.956901
Train Kappa score for SVM: 0.941361
Test Kappa score for SVM: 0.942038


[[1899    0    0    0    0    0    0    7    0]
 [   0 5699    0    0    0   15    0    0    0]
 [   8    6  633    0    0    1    0    0    0]
 [   0    1    0  898    0    0    0    0    0]
 [   3    0    0    0  427    0    0    0    0]
 [  20   54    0    0    0 1449    0    0    0]
 [ 371    3    0    0    0    0    1    0    0]
 [  53    0    0    0    0    0    0 1006    0]
 [  11    0    0    0    0    0    0    0  266]]


              precision    recall  f1-score   support

           1       0.80      1.00      0.89      1906
           2       0.99      1.00      0.99      5714
           3       1.00      0.98      0.99       648
           4       1.00      1.00      1.00       899
           5       1.00      0.99      1.00       430
           6       0.99      0.95      0.97      1523
           7       1.00      0.00      0.01       375
           8       0.99      0.95      0.97      1059
           9       1.00      0.96      0.98       277

    accuracy                           0.96     12831
   macro avg       0.97      0.87      0.87     12831
weighted avg       0.96      0.96      0.94     12831

-------------------------------------------------------------
-------------------------------------------------------------

 --- 27.041027784347534 seconds --- 

Training set shape:  (29945, 103)
Testing set shape:  (12831, 103)
Report for Classifier: 

Training set score for SVM: 0.932710
Testing  set score for SVM: 0.614683
Train Kappa score for SVM: 0.910551
Test Kappa score for SVM: 0.535070


[[1793    1   91    0    0   17    0    4    0]
 [  34 2366    1   68    0 3244    0    1    0]
 [  67    0  569    0    0    8    0    4    0]
 [   0   13    0  875    0   11    0    0    0]
 [   2    0    0    0  426    2    0    0    0]
 [  13    3    0    2    0 1505    0    0    0]
 [ 341    0    0    0    0    0   34    0    0]
 [ 468    4  407    0    0  133    1   46    0]
 [   3    0    0    1    0    0    0    0  273]]


              precision    recall  f1-score   support

           1       0.66      0.94      0.78      1906
           2       0.99      0.41      0.58      5714
           3       0.53      0.88      0.66       648
           4       0.92      0.97      0.95       899
           5       1.00      0.99      1.00       430
           6       0.31      0.99      0.47      1523
           7       0.97      0.09      0.17       375
           8       0.84      0.04      0.08      1059
           9       1.00      0.99      0.99       277

    accuracy                           0.61     12831
   macro avg       0.80      0.70      0.63     12831
weighted avg       0.82      0.61      0.60     12831

------------------------------

 --- 1.6743841171264648 seconds --- 

Training set shape:  (29945, 22)
Testing set shape:  (12831, 22)
Report for Classifier: 

Training set score for SVM: 0.992085
Testing  set score for SVM: 0.963370
Train Kappa score for SVM: 0.989541
Test Kappa score for SVM: 0.950843


[[1897    0    0    0    0    0    7    2    0]
 [   0 5712    0    0    0    2    0    0    0]
 [   9   18  551    0    0   70    0    0    0]
 [   0    0    0  899    0    0    0    0    0]
 [   2    0    0    0  428    0    0    0    0]
 [   6   32    0    0    0 1485    0    0    0]
 [ 172    0    0    0    0    0  203    0    0]
 [  96    0    0    0    0    3   48  912    0]
 [   3    0    0    0    0    0    0    0  274]]


              precision    recall  f1-score   support

           1       0.87      1.00      0.93      1906
           2       0.99      1.00      1.00      5714
           3       1.00      0.85      0.92       648
           4       1.00      1.00      1.00       899
           5       1.00      1.00      1.00       430
           6       0.95      0.98      0.96      1523
           7       0.79      0.54      0.64       375
           8       1.00      0.86      0.92      1059
           9       1.00      0.99      0.99       277

    accuracy                           0.96     12831
   macro avg       0.96      0.91      0.93     12831
weighted avg       0.96      0.96      0.96     12831

-------------------------------------------------------------
|   Bands |   C | Gamma   | Kernel   |   Train_Score |   Test_Score |   Train_Kappa |   Test_Kappa |   DR_Train_Score |   DR_Test_Score |   DR_Train_Kappa |   DR_Test_Kappa |
|---------|-----|---------|----------|---------------|--------------|---------------|--------------|------------------|-----------------|------------------|-----------------|
|      22 |   1 | 0.1     | rbf      |      0.846018 |     0.839062 |      0.78952  |     0.780147 |         0.940324 |        0.946692 |         0.920125 |        0.92794  |
|      22 |   1 | 0.05    | rbf      |      0.814059 |     0.826046 |      0.744023 |     0.758641 |         0.931541 |        0.935313 |         0.908184 |        0.912259 |
|      22 |   1 | 0.005   | rbf      |      0.730539 |     0.740005 |      0.624595 |     0.632771 |         0.706195 |        0.71109  |         0.585258 |        0.586614 |
|      22 |   1 | scale   | rbf      |      0.876707 |     0.854571 |      0.832717 |     0.80511  |         0.968375 |        0.970306 |         0.957995 |        0.96019  |
|      22 |   5 | 0.1     | rbf      |      0.900818 |     0.808121 |      0.866519 |     0.75292  |         0.957255 |        0.95885  |         0.943144 |        0.94473  |
|      22 |   5 | 0.05    | rbf      |      0.882752 |     0.829709 |      0.841232 |     0.775625 |         0.951979 |        0.956356 |         0.936068 |        0.941312 |
|      22 |   5 | 0.005   | rbf      |      0.777926 |     0.778038 |      0.693011 |     0.689965 |         0.881716 |        0.861975 |         0.840449 |        0.811371 |
|      22 |   5 | scale   | rbf      |      0.91087  |     0.785286 |      0.880536 |     0.726672 |         0.984004 |        0.977788 |         0.978825 |        0.970287 |
|      22 |  50 | 0.1     | rbf      |      0.923927 |     0.658717 |      0.898601 |     0.582861 |         0.983002 |        0.974047 |         0.977497 |        0.965247 |
|      22 |  50 | 0.05    | rbf      |      0.915746 |     0.693165 |      0.887407 |     0.621878 |         0.977492 |        0.976152 |         0.970172 |        0.968068 |
|      22 |  50 | 0.005   | rbf      |      0.871331 |     0.818564 |      0.825354 |     0.758306 |         0.951311 |        0.955343 |         0.93513  |        0.939875 |
|      22 |  50 | scale   | rbf      |      0.928703 |     0.653807 |      0.905107 |     0.576087 |         0.990816 |        0.967345 |         0.98786  |        0.956226 |
|      22 | 100 | 0.1     | rbf      |      0.927968 |     0.626218 |      0.904113 |     0.547325 |         0.985473 |        0.966721 |         0.980781 |        0.955395 |
|      22 | 100 | 0.05    | rbf      |      0.91992  |     0.647962 |      0.893158 |     0.571497 |         0.982267 |        0.972644 |         0.976524 |        0.963356 |
|      22 | 100 | 0.005   | rbf      |      0.88549  |     0.786221 |      0.845227 |     0.723191 |         0.955919 |        0.956901 |         0.941361 |        0.942038 |
|      22 | 100 | scale   | rbf      |      0.93271  |     0.614683 |      0.910551 |     0.53507  |         0.992085 |        0.96337  |         0.989541 |        0.950843 |
